10000 9999
0 1 74
0 2 97
0 3 13
0 4 34
0 5 32
0 6 13
0 7 46
0 8 56
0 9 73
0 10 12
0 11 22
0 12 28
0 13 29
0 14 99
0 15 43
0 16 5
0 17 66
0 18 25
0 19 100
0 20 48
0 21 38
0 22 86
0 23 33
0 24 65
0 25 31
0 26 50
0 27 27
0 28 32
0 29 87
0 30 5
0 31 39
0 32 51
0 33 22
0 34 38
0 35 55
0 36 51
0 37 72
0 38 33
0 39 76
0 40 48
0 41 88
0 42 18
0 43 84
0 44 88
0 45 95
0 46 8
0 47 44
0 48 84
0 49 66
0 50 2
0 51 18
0 52 37
0 53 18
0 54 57
0 55 8
0 56 73
0 57 54
0 58 19
0 59 1
0 60 81
0 61 96
0 62 8
0 63 25
0 64 77
0 65 3
0 66 20
0 67 5
0 68 56
0 69 37
0 70 93
0 71 69
0 72 34
0 73 48
0 74 43
0 75 22
0 76 39
0 77 49
0 78 29
0 79 8
0 80 61
0 81 40
0 82 66
0 83 28
0 84 35
0 85 36
0 86 18
0 87 56
0 88 30
0 89 40
0 90 100
0 91 84
0 92 28
0 93 33
0 94 61
0 95 18
0 96 51
0 97 10
0 98 87
0 99 61
0 100 92
0 101 14
0 102 8
0 103 6
0 104 98
0 105 12
0 106 61
0 107 39
0 108 83
0 109 20
0 110 15
0 111 33
0 112 86
0 113 35
0 114 25
0 115 96
0 116 89
0 117 65
0 118 100
0 119 54
0 120 22
0 121 12
0 122 65
0 123 81
0 124 81
0 125 16
0 126 29
0 127 32
0 128 66
0 129 18
0 130 95
0 131 76
0 132 31
0 133 22
0 134 2
0 135 94
0 136 48
0 137 57
0 138 5
0 139 5
0 140 87
0 141 89
0 142 94
0 143 18
0 144 85
0 145 95
0 146 71
0 147 88
0 148 13
0 149 35
0 150 8
0 151 81
0 152 94
0 153 66
0 154 61
0 155 44
0 156 17
0 157 30
0 158 7
0 159 25
0 160 54
0 161 8
0 162 60
0 163 94
0 164 1
0 165 63
0 166 100
0 167 21
0 168 99
0 169 54
0 170 11
0 171 82
0 172 59
0 173 98
0 174 100
0 175 8
0 176 38
0 177 97
0 178 24
0 179 32
0 180 87
0 181 35
0 182 13
0 183 61
0 184 89
0 185 63
0 186 26
0 187 24
0 188 10
0 189 72
0 190 4
0 191 64
0 192 67
0 193 39
0 194 17
0 195 43
0 196 74
0 197 56
0 198 49
0 199 95
0 200 64
0 201 60
0 202 27
0 203 3
0 204 35
0 205 96
0 206 4
0 207 2
0 208 47
0 209 45
0 210 15
0 211 2
0 212 85
0 213 21
0 214 15
0 215 55
0 216 8
0 217 51
0 218 18
0 219 31
0 220 26
0 221 24
0 222 86
0 223 61
0 224 36
0 225 68
0 226 72
0 227 62
0 228 42
0 229 97
0 230 46
0 231 12
0 232 86
0 233 6
0 234 73
0 235 76
0 236 75
0 237 8
0 238 99
0 239 80
0 240 13
0 241 94
0 242 22
0 243 68
0 244 20
0 245 42
0 246 87
0 247 57
0 248 51
0 249 93
0 250 27
0 251 43
0 252 92
0 253 52
0 254 96
0 255 17
0 256 38
0 257 78
0 258 15
0 259 45
0 260 22
0 261 41
0 262 6
0 263 17
0 264 46
0 265 45
0 266 5
0 267 84
0 268 27
0 269 92
0 270 27
0 271 94
0 272 63
0 273 21
0 274 63
0 275 15
0 276 49
0 277 88
0 278 60
0 279 41
0 280 25
0 281 30
0 282 91
0 283 5
0 284 76
0 285 10
0 286 55
0 287 3
0 288 16
0 289 91
0 290 76
0 291 22
0 292 76
0 293 78
0 294 9
0 295 41
0 296 48
0 297 4
0 298 47
0 299 17
0 300 32
0 301 30
0 302 51
0 303 77
0 304 67
0 305 49
0 306 63
0 307 83
0 308 39
0 309 33
0 310 15
0 311 83
0 312 20
0 313 89
0 314 7
0 315 45
0 316 18
0 317 32
0 318 54
0 319 3
0 320 19
0 321 39
0 322 41
0 323 29
0 324 78
0 325 7
0 326 52
0 327 33
0 328 51
0 329 36
0 330 70
0 331 53
0 332 1
0 333 52
0 334 32
0 335 3
0 336 18
0 337 59
0 338 75
0 339 24
0 340 54
0 341 63
0 342 27
0 343 5
0 344 13
0 345 27
0 346 79
0 347 18
0 348 78
0 349 36
0 350 78
0 351 70
0 352 11
0 353 83
0 354 51
0 355 100
0 356 95
0 357 16
0 358 34
0 359 8
0 360 96
0 361 37
0 362 84
0 363 5
0 364 50
0 365 36
0 366 5
0 367 3
0 368 92
0 369 30
0 370 81
0 371 30
0 372 66
0 373 7
0 374 68
0 375 49
0 376 59
0 377 83
0 378 63
0 379 85
0 380 25
0 381 92
0 382 77
0 383 59
0 384 15
0 385 19
0 386 30
0 387 41
0 388 91
0 389 65
0 390 48
0 391 62
0 392 31
0 393 6
0 394 83
0 395 80
0 396 39
0 397 53
0 398 39
0 399 82
0 400 84
0 401 71
0 402 30
0 403 72
0 404 3
0 405 86
0 406 11
0 407 66
0 408 8
0 409 98
0 410 67
0 411 42
0 412 30
0 413 79
0 414 50
0 415 50
0 416 56
0 417 6
0 418 82
0 419 45
0 420 75
0 421 14
0 422 33
0 423 31
0 424 11
0 425 71
0 426 53
0 427 8
0 428 68
0 429 34
0 430 61
0 431 74
0 432 67
0 433 93
0 434 66
0 435 79
0 436 97
0 437 66
0 438 39
0 439 76
0 440 8
0 441 55
0 442 75
0 443 53
0 444 28
0 445 40
0 446 82
0 447 87
0 448 38
0 449 20
0 450 19
0 451 24
0 452 65
0 453 71
0 454 57
0 455 67
0 456 13
0 457 61
0 458 32
0 459 19
0 460 41
0 461 77
0 462 72
0 463 58
0 464 69
0 465 97
0 466 57
0 467 55
0 468 21
0 469 1
0 470 49
0 471 4
0 472 81
0 473 35
0 474 43
0 475 90
0 476 77
0 477 77
0 478 16
0 479 47
0 480 89
0 481 14
0 482 13
0 483 34
0 484 31
0 485 8
0 486 5
0 487 35
0 488 81
0 489 92
0 490 77
0 491 50
0 492 35
0 493 33
0 494 6
0 495 14
0 496 85
0 497 34
0 498 79
0 499 91
0 500 50
0 501 6
0 502 36
0 503 85
0 504 85
0 505 41
0 506 6
0 507 4
0 508 56
0 509 57
0 510 97
0 511 49
0 512 76
0 513 84
0 514 24
0 515 83
0 516 16
0 517 17
0 518 44
0 519 90
0 520 22
0 521 91
0 522 48
0 523 53
0 524 21
0 525 29
0 526 42
0 527 95
0 528 60
0 529 5
0 530 83
0 531 85
0 532 87
0 533 24
0 534 93
0 535 47
0 536 56
0 537 42
0 538 22
0 539 73
0 540 54
0 541 83
0 542 16
0 543 73
0 544 79
0 545 25
0 546 7
0 547 50
0 548 91
0 549 39
0 550 95
0 551 57
0 552 29
0 553 99
0 554 81
0 555 68
0 556 46
0 557 19
0 558 69
0 559 51
0 560 37
0 561 49
0 562 19
0 563 83
0 564 14
0 565 37
0 566 2
0 567 7
0 568 32
0 569 74
0 570 13
0 571 14
0 572 73
0 573 49
0 574 33
0 575 23
0 576 20
0 577 86
0 578 88
0 579 68
0 580 23
0 581 12
0 582 21
0 583 18
0 584 30
0 585 7
0 586 84
0 587 54
0 588 40
0 589 22
0 590 81
0 591 41
0 592 45
0 593 67
0 594 1
0 595 82
0 596 83
0 597 4
0 598 6
0 599 44
0 600 47
0 601 67
0 602 97
0 603 94
0 604 55
0 605 10
0 606 85
0 607 64
0 608 5
0 609 26
0 610 26
0 611 9
0 612 81
0 613 57
0 614 99
0 615 63
0 616 80
0 617 64
0 618 89
0 619 4
0 620 7
0 621 42
0 622 46
0 623 86
0 624 4
0 625 19
0 626 79
0 627 65
0 628 44
0 629 56
0 630 90
0 631 46
0 632 29
0 633 4
0 634 72
0 635 88
0 636 34
0 637 66
0 638 79
0 639 31
0 640 90
0 641 26
0 642 36
0 643 64
0 644 82
0 645 38
0 646 75
0 647 52
0 648 60
0 649 25
0 650 100
0 651 90
0 652 37
0 653 19
0 654 91
0 655 12
0 656 42
0 657 36
0 658 27
0 659 2
0 660 86
0 661 11
0 662 20
0 663 29
0 664 52
0 665 3
0 666 35
0 667 83
0 668 100
0 669 21
0 670 19
0 671 68
0 672 1
0 673 33
0 674 7
0 675 7
0 676 75
0 677 87
0 678 84
0 679 23
0 680 2
0 681 15
0 682 56
0 683 48
0 684 83
0 685 17
0 686 72
0 687 34
0 688 18
0 689 34
0 690 86
0 691 51
0 692 34
0 693 92
0 694 92
0 695 22
0 696 85
0 697 21
0 698 62
0 699 44
0 700 84
0 701 71
0 702 30
0 703 60
0 704 100
0 705 64
0 706 87
0 707 36
0 708 50
0 709 73
0 710 79
0 711 42
0 712 65
0 713 41
0 714 11
0 715 9
0 716 34
0 717 87
0 718 2
0 719 76
0 720 33
0 721 42
0 722 92
0 723 9
0 724 11
0 725 27
0 726 9
0 727 76
0 728 19
0 729 33
0 730 53
0 731 67
0 732 39
0 733 48
0 734 100
0 735 18
0 736 99
0 737 58
0 738 32
0 739 88
0 740 41
0 741 42
0 742 31
0 743 60
0 744 6
0 745 64
0 746 47
0 747 58
0 748 5
0 749 79
0 750 16
0 751 50
0 752 90
0 753 52
0 754 78
0 755 56
0 756 25
0 757 47
0 758 51
0 759 55
0 760 68
0 761 55
0 762 12
0 763 48
0 764 95
0 765 92
0 766 16
0 767 18
0 768 51
0 769 28
0 770 50
0 771 3
0 772 27
0 773 19
0 774 53
0 775 89
0 776 45
0 777 23
0 778 66
0 779 87
0 780 32
0 781 68
0 782 50
0 783 97
0 784 18
0 785 3
0 786 89
0 787 32
0 788 16
0 789 58
0 790 63
0 791 79
0 792 13
0 793 16
0 794 35
0 795 26
0 796 37
0 797 95
0 798 90
0 799 96
0 800 76
0 801 54
0 802 17
0 803 52
0 804 37
0 805 69
0 806 75
0 807 38
0 808 65
0 809 63
0 810 26
0 811 24
0 812 31
0 813 26
0 814 41
0 815 100
0 816 29
0 817 16
0 818 16
0 819 80
0 820 12
0 821 71
0 822 72
0 823 21
0 824 14
0 825 64
0 826 18
0 827 14
0 828 18
0 829 65
0 830 6
0 831 41
0 832 78
0 833 26
0 834 53
0 835 60
0 836 61
0 837 90
0 838 52
0 839 50
0 840 59
0 841 68
0 842 52
0 843 69
0 844 58
0 845 65
0 846 64
0 847 56
0 848 34
0 849 90
0 850 82
0 851 1
0 852 13
0 853 6
0 854 39
0 855 84
0 856 10
0 857 66
0 858 36
0 859 88
0 860 61
0 861 2
0 862 73
0 863 96
0 864 48
0 865 3
0 866 2
0 867 99
0 868 20
0 869 88
0 870 69
0 871 49
0 872 30
0 873 57
0 874 72
0 875 57
0 876 85
0 877 34
0 878 68
0 879 19
0 880 54
0 881 70
0 882 47
0 883 43
0 884 28
0 885 87
0 886 38
0 887 85
0 888 46
0 889 63
0 890 55
0 891 68
0 892 70
0 893 58
0 894 47
0 895 57
0 896 63
0 897 87
0 898 55
0 899 73
0 900 15
0 901 21
0 902 45
0 903 12
0 904 15
0 905 18
0 906 54
0 907 49
0 908 77
0 909 23
0 910 64
0 911 11
0 912 81
0 913 59
0 914 26
0 915 38
0 916 76
0 917 94
0 918 16
0 919 46
0 920 85
0 921 94
0 922 85
0 923 58
0 924 77
0 925 9
0 926 39
0 927 41
0 928 47
0 929 83
0 930 82
0 931 74
0 932 61
0 933 67
0 934 57
0 935 73
0 936 78
0 937 68
0 938 98
0 939 33
0 940 41
0 941 73
0 942 5
0 943 91
0 944 43
0 945 6
0 946 33
0 947 34
0 948 69
0 949 23
0 950 67
0 951 61
0 952 97
0 953 84
0 954 27
0 955 77
0 956 98
0 957 95
0 958 17
0 959 27
0 960 3
0 961 26
0 962 65
0 963 77
0 964 42
0 965 32
0 966 28
0 967 22
0 968 59
0 969 47
0 970 92
0 971 41
0 972 65
0 973 48
0 974 70
0 975 96
0 976 59
0 977 50
0 978 54
0 979 66
0 980 43
0 981 18
0 982 11
0 983 33
0 984 79
0 985 68
0 986 90
0 987 98
0 988 18
0 989 44
0 990 89
0 991 87
0 992 48
0 993 32
0 994 66
0 995 20
0 996 46
0 997 26
0 998 50
0 999 31
0 1000 57
0 1001 30
0 1002 28
0 1003 17
0 1004 33
0 1005 64
0 1006 91
0 1007 49
0 1008 5
0 1009 12
0 1010 82
0 1011 23
0 1012 6
0 1013 19
0 1014 36
0 1015 31
0 1016 58
0 1017 95
0 1018 4
0 1019 85
0 1020 91
0 1021 48
0 1022 20
0 1023 85
0 1024 13
0 1025 30
0 1026 23
0 1027 48
0 1028 81
0 1029 11
0 1030 88
0 1031 50
0 1032 33
0 1033 93
0 1034 45
0 1035 72
0 1036 41
0 1037 21
0 1038 29
0 1039 18
0 1040 23
0 1041 35
0 1042 70
0 1043 21
0 1044 14
0 1045 54
0 1046 67
0 1047 70
0 1048 72
0 1049 41
0 1050 34
0 1051 74
0 1052 15
0 1053 24
0 1054 38
0 1055 66
0 1056 64
0 1057 100
0 1058 21
0 1059 60
0 1060 56
0 1061 89
0 1062 89
0 1063 81
0 1064 6
0 1065 30
0 1066 93
0 1067 15
0 1068 69
0 1069 4
0 1070 3
0 1071 19
0 1072 23
0 1073 84
0 1074 24
0 1075 91
0 1076 44
0 1077 87
0 1078 72
0 1079 26
0 1080 78
0 1081 61
0 1082 88
0 1083 64
0 1084 77
0 1085 86
0 1086 18
0 1087 53
0 1088 6
0 1089 53
0 1090 40
0 1091 71
0 1092 57
0 1093 7
0 1094 30
0 1095 27
0 1096 45
0 1097 22
0 1098 70
0 1099 42
0 1100 22
0 1101 79
0 1102 53
0 1103 9
0 1104 49
0 1105 3
0 1106 57
0 1107 43
0 1108 42
0 1109 79
0 1110 93
0 1111 99
0 1112 59
0 1113 75
0 1114 10
0 1115 57
0 1116 77
0 1117 51
0 1118 64
0 1119 2
0 1120 46
0 1121 26
0 1122 20
0 1123 20
0 1124 38
0 1125 80
0 1126 46
0 1127 37
0 1128 70
0 1129 28
0 1130 49
0 1131 85
0 1132 14
0 1133 55
0 1134 72
0 1135 3
0 1136 87
0 1137 99
0 1138 97
0 1139 55
0 1140 94
0 1141 100
0 1142 9
0 1143 18
0 1144 32
0 1145 4
0 1146 83
0 1147 31
0 1148 3
0 1149 96
0 1150 13
0 1151 6
0 1152 70
0 1153 54
0 1154 13
0 1155 40
0 1156 46
0 1157 26
0 1158 17
0 1159 82
0 1160 13
0 1161 97
0 1162 43
0 1163 31
0 1164 83
0 1165 9
0 1166 16
0 1167 61
0 1168 63
0 1169 24
0 1170 59
0 1171 12
0 1172 35
0 1173 95
0 1174 21
0 1175 57
0 1176 13
0 1177 96
0 1178 17
0 1179 98
0 1180 52
0 1181 3
0 1182 76
0 1183 40
0 1184 15
0 1185 62
0 1186 7
0 1187 31
0 1188 17
0 1189 76
0 1190 40
0 1191 54
0 1192 1
0 1193 80
0 1194 34
0 1195 53
0 1196 84
0 1197 95
0 1198 67
0 1199 91
0 1200 9
0 1201 15
0 1202 1
0 1203 82
0 1204 13
0 1205 64
0 1206 31
0 1207 35
0 1208 50
0 1209 90
0 1210 35
0 1211 72
0 1212 54
0 1213 9
0 1214 33
0 1215 100
0 1216 32
0 1217 33
0 1218 29
0 1219 53
0 1220 59
0 1221 9
0 1222 82
0 1223 73
0 1224 78
0 1225 50
0 1226 59
0 1227 91
0 1228 77
0 1229 50
0 1230 60
0 1231 58
0 1232 71
0 1233 8
0 1234 54
0 1235 4
0 1236 25
0 1237 92
0 1238 30
0 1239 69
0 1240 86
0 1241 90
0 1242 44
0 1243 15
0 1244 83
0 1245 51
0 1246 33
0 1247 34
0 1248 79
0 1249 44
0 1250 17
0 1251 93
0 1252 48
0 1253 35
0 1254 87
0 1255 3
0 1256 2
0 1257 22
0 1258 6
0 1259 13
0 1260 42
0 1261 23
0 1262 80
0 1263 69
0 1264 51
0 1265 6
0 1266 65
0 1267 92
0 1268 57
0 1269 77
0 1270 79
0 1271 17
0 1272 57
0 1273 1
0 1274 26
0 1275 77
0 1276 66
0 1277 95
0 1278 55
0 1279 87
0 1280 5
0 1281 42
0 1282 65
0 1283 32
0 1284 73
0 1285 61
0 1286 80
0 1287 81
0 1288 55
0 1289 86
0 1290 54
0 1291 27
0 1292 24
0 1293 24
0 1294 33
0 1295 20
0 1296 25
0 1297 54
0 1298 56
0 1299 12
0 1300 3
0 1301 84
0 1302 70
0 1303 38
0 1304 29
0 1305 91
0 1306 87
0 1307 27
0 1308 43
0 1309 71
0 1310 92
0 1311 98
0 1312 77
0 1313 20
0 1314 19
0 1315 82
0 1316 37
0 1317 87
0 1318 89
0 1319 46
0 1320 90
0 1321 74
0 1322 93
0 1323 60
0 1324 26
0 1325 43
0 1326 91
0 1327 64
0 1328 42
0 1329 87
0 1330 29
0 1331 81
0 1332 85
0 1333 98
0 1334 5
0 1335 16
0 1336 84
0 1337 63
0 1338 88
0 1339 48
0 1340 70
0 1341 57
0 1342 67
0 1343 51
0 1344 25
0 1345 42
0 1346 65
0 1347 3
0 1348 95
0 1349 33
0 1350 85
0 1351 31
0 1352 14
0 1353 23
0 1354 74
0 1355 1
0 1356 11
0 1357 6
0 1358 60
0 1359 28
0 1360 82
0 1361 74
0 1362 69
0 1363 74
0 1364 61
0 1365 53
0 1366 14
0 1367 16
0 1368 35
0 1369 2
0 1370 93
0 1371 71
0 1372 67
0 1373 91
0 1374 5
0 1375 23
0 1376 94
0 1377 59
0 1378 60
0 1379 3
0 1380 77
0 1381 75
0 1382 92
0 1383 31
0 1384 76
0 1385 45
0 1386 40
0 1387 58
0 1388 73
0 1389 51
0 1390 27
0 1391 20
0 1392 49
0 1393 86
0 1394 73
0 1395 17
0 1396 50
0 1397 19
0 1398 49
0 1399 12
0 1400 25
0 1401 31
0 1402 78
0 1403 11
0 1404 19
0 1405 51
0 1406 5
0 1407 92
0 1408 27
0 1409 43
0 1410 100
0 1411 29
0 1412 23
0 1413 85
0 1414 11
0 1415 98
0 1416 88
0 1417 83
0 1418 57
0 1419 63
0 1420 99
0 1421 69
0 1422 5
0 1423 28
0 1424 82
0 1425 68
0 1426 71
0 1427 24
0 1428 49
0 1429 10
0 1430 8
0 1431 79
0 1432 35
0 1433 95
0 1434 23
0 1435 65
0 1436 9
0 1437 67
0 1438 35
0 1439 100
0 1440 73
0 1441 99
0 1442 38
0 1443 70
0 1444 3
0 1445 19
0 1446 61
0 1447 84
0 1448 49
0 1449 61
0 1450 39
0 1451 63
0 1452 13
0 1453 31
0 1454 44
0 1455 17
0 1456 6
0 1457 31
0 1458 84
0 1459 84
0 1460 72
0 1461 100
0 1462 86
0 1463 10
0 1464 21
0 1465 97
0 1466 8
0 1467 89
0 1468 68
0 1469 22
0 1470 40
0 1471 59
0 1472 56
0 1473 83
0 1474 47
0 1475 66
0 1476 22
0 1477 57
0 1478 82
0 1479 53
0 1480 100
0 1481 48
0 1482 4
0 1483 59
0 1484 52
0 1485 95
0 1486 72
0 1487 90
0 1488 85
0 1489 32
0 1490 79
0 1491 89
0 1492 45
0 1493 3
0 1494 48
0 1495 59
0 1496 58
0 1497 70
0 1498 1
0 1499 95
0 1500 2
0 1501 19
0 1502 39
0 1503 67
0 1504 47
0 1505 78
0 1506 6
0 1507 73
0 1508 37
0 1509 43
0 1510 67
0 1511 94
0 1512 33
0 1513 56
0 1514 10
0 1515 11
0 1516 74
0 1517 64
0 1518 31
0 1519 75
0 1520 14
0 1521 2
0 1522 6
0 1523 95
0 1524 38
0 1525 77
0 1526 12
0 1527 61
0 1528 51
0 1529 1
0 1530 93
0 1531 90
0 1532 78
0 1533 80
0 1534 4
0 1535 34
0 1536 67
0 1537 49
0 1538 58
0 1539 82
0 1540 67
0 1541 85
0 1542 43
0 1543 58
0 1544 87
0 1545 20
0 1546 26
0 1547 47
0 1548 65
0 1549 93
0 1550 88
0 1551 33
0 1552 30
0 1553 50
0 1554 20
0 1555 57
0 1556 81
0 1557 76
0 1558 58
0 1559 52
0 1560 48
0 1561 27
0 1562 66
0 1563 11
0 1564 93
0 1565 32
0 1566 44
0 1567 51
0 1568 80
0 1569 19
0 1570 39
0 1571 51
0 1572 20
0 1573 51
0 1574 35
0 1575 26
0 1576 43
0 1577 61
0 1578 36
0 1579 7
0 1580 100
0 1581 16
0 1582 100
0 1583 55
0 1584 4
0 1585 99
0 1586 89
0 1587 16
0 1588 81
0 1589 78
0 1590 73
0 1591 40
0 1592 92
0 1593 8
0 1594 22
0 1595 66
0 1596 61
0 1597 63
0 1598 94
0 1599 59
0 1600 9
0 1601 20
0 1602 4
0 1603 82
0 1604 100
0 1605 9
0 1606 86
0 1607 24
0 1608 1
0 1609 70
0 1610 24
0 1611 26
0 1612 23
0 1613 76
0 1614 81
0 1615 9
0 1616 93
0 1617 22
0 1618 64
0 1619 68
0 1620 2
0 1621 30
0 1622 29
0 1623 74
0 1624 8
0 1625 99
0 1626 47
0 1627 79
0 1628 20
0 1629 52
0 1630 15
0 1631 41
0 1632 23
0 1633 22
0 1634 51
0 1635 20
0 1636 95
0 1637 88
0 1638 48
0 1639 18
0 1640 68
0 1641 27
0 1642 86
0 1643 45
0 1644 78
0 1645 61
0 1646 11
0 1647 23
0 1648 93
0 1649 7
0 1650 54
0 1651 1
0 1652 85
0 1653 39
0 1654 79
0 1655 53
0 1656 72
0 1657 4
0 1658 71
0 1659 69
0 1660 8
0 1661 5
0 1662 14
0 1663 41
0 1664 62
0 1665 22
0 1666 42
0 1667 44
0 1668 89
0 1669 66
0 1670 42
0 1671 88
0 1672 65
0 1673 6
0 1674 85
0 1675 72
0 1676 5
0 1677 7
0 1678 89
0 1679 62
0 1680 24
0 1681 97
0 1682 68
0 1683 46
0 1684 100
0 1685 11
0 1686 38
0 1687 94
0 1688 47
0 1689 92
0 1690 75
0 1691 54
0 1692 71
0 1693 25
0 1694 60
0 1695 11
0 1696 41
0 1697 79
0 1698 38
0 1699 24
0 1700 3
0 1701 40
0 1702 76
0 1703 32
0 1704 4
0 1705 93
0 1706 27
0 1707 27
0 1708 85
0 1709 41
0 1710 3
0 1711 85
0 1712 41
0 1713 92
0 1714 68
0 1715 1
0 1716 37
0 1717 57
0 1718 94
0 1719 27
0 1720 62
0 1721 39
0 1722 91
0 1723 28
0 1724 24
0 1725 4
0 1726 72
0 1727 92
0 1728 21
0 1729 46
0 1730 71
0 1731 78
0 1732 12
0 1733 14
0 1734 88
0 1735 36
0 1736 88
0 1737 4
0 1738 74
0 1739 13
0 1740 60
0 1741 57
0 1742 62
0 1743 16
0 1744 25
0 1745 61
0 1746 95
0 1747 16
0 1748 50
0 1749 9
0 1750 4
0 1751 14
0 1752 80
0 1753 60
0 1754 47
0 1755 16
0 1756 4
0 1757 18
0 1758 58
0 1759 11
0 1760 78
0 1761 98
0 1762 78
0 1763 43
0 1764 44
0 1765 17
0 1766 56
0 1767 79
0 1768 62
0 1769 20
0 1770 52
0 1771 48
0 1772 40
0 1773 74
0 1774 81
0 1775 28
0 1776 23
0 1777 4
0 1778 97
0 1779 11
0 1780 21
0 1781 75
0 1782 95
0 1783 91
0 1784 15
0 1785 100
0 1786 59
0 1787 93
0 1788 21
0 1789 19
0 1790 79
0 1791 72
0 1792 83
0 1793 21
0 1794 73
0 1795 42
0 1796 47
0 1797 7
0 1798 64
0 1799 69
0 1800 53
0 1801 52
0 1802 7
0 1803 14
0 1804 44
0 1805 24
0 1806 92
0 1807 35
0 1808 60
0 1809 52
0 1810 22
0 1811 56
0 1812 38
0 1813 62
0 1814 84
0 1815 24
0 1816 17
0 1817 54
0 1818 11
0 1819 57
0 1820 8
0 1821 23
0 1822 2
0 1823 63
0 1824 13
0 1825 31
0 1826 88
0 1827 17
0 1828 45
0 1829 81
0 1830 47
0 1831 79
0 1832 71
0 1833 97
0 1834 36
0 1835 47
0 1836 20
0 1837 31
0 1838 32
0 1839 72
0 1840 64
0 1841 86
0 1842 86
0 1843 13
0 1844 35
0 1845 64
0 1846 26
0 1847 99
0 1848 10
0 1849 82
0 1850 86
0 1851 82
0 1852 18
0 1853 78
0 1854 84
0 1855 1
0 1856 100
0 1857 13
0 1858 97
0 1859 62
0 1860 70
0 1861 92
0 1862 93
0 1863 96
0 1864 13
0 1865 6
0 1866 68
0 1867 33
0 1868 65
0 1869 63
0 1870 48
0 1871 68
0 1872 74
0 1873 21
0 1874 89
0 1875 52
0 1876 1
0 1877 24
0 1878 2
0 1879 67
0 1880 83
0 1881 74
0 1882 46
0 1883 45
0 1884 58
0 1885 12
0 1886 100
0 1887 89
0 1888 11
0 1889 31
0 1890 7
0 1891 22
0 1892 55
0 1893 2
0 1894 27
0 1895 76
0 1896 14
0 1897 52
0 1898 41
0 1899 14
0 1900 97
0 1901 24
0 1902 33
0 1903 45
0 1904 28
0 1905 98
0 1906 54
0 1907 47
0 1908 57
0 1909 38
0 1910 23
0 1911 36
0 1912 36
0 1913 35
0 1914 94
0 1915 42
0 1916 80
0 1917 81
0 1918 94
0 1919 27
0 1920 27
0 1921 24
0 1922 78
0 1923 29
0 1924 78
0 1925 61
0 1926 84
0 1927 16
0 1928 40
0 1929 7
0 1930 56
0 1931 52
0 1932 97
0 1933 75
0 1934 74
0 1935 33
0 1936 59
0 1937 24
0 1938 79
0 1939 66
0 1940 85
0 1941 2
0 1942 17
0 1943 7
0 1944 33
0 1945 4
0 1946 85
0 1947 44
0 1948 60
0 1949 13
0 1950 35
0 1951 24
0 1952 91
0 1953 56
0 1954 73
0 1955 75
0 1956 73
0 1957 59
0 1958 81
0 1959 18
0 1960 12
0 1961 70
0 1962 72
0 1963 69
0 1964 18
0 1965 98
0 1966 84
0 1967 55
0 1968 86
0 1969 8
0 1970 94
0 1971 15
0 1972 43
0 1973 96
0 1974 57
0 1975 59
0 1976 57
0 1977 62
0 1978 96
0 1979 33
0 1980 34
0 1981 40
0 1982 30
0 1983 11
0 1984 69
0 1985 60
0 1986 38
0 1987 3
0 1988 15
0 1989 14
0 1990 76
0 1991 44
0 1992 50
0 1993 58
0 1994 27
0 1995 85
0 1996 11
0 1997 74
0 1998 2
0 1999 56
0 2000 55
0 2001 9
0 2002 45
0 2003 60
0 2004 70
0 2005 52
0 2006 42
0 2007 76
0 2008 89
0 2009 32
0 2010 16
0 2011 43
0 2012 15
0 2013 91
0 2014 52
0 2015 12
0 2016 58
0 2017 40
0 2018 87
0 2019 42
0 2020 84
0 2021 24
0 2022 24
0 2023 46
0 2024 25
0 2025 86
0 2026 36
0 2027 86
0 2028 72
0 2029 11
0 2030 56
0 2031 38
0 2032 82
0 2033 44
0 2034 34
0 2035 54
0 2036 27
0 2037 22
0 2038 89
0 2039 82
0 2040 60
0 2041 32
0 2042 51
0 2043 59
0 2044 21
0 2045 64
0 2046 80
0 2047 67
0 2048 89
0 2049 59
0 2050 85
0 2051 20
0 2052 12
0 2053 51
0 2054 63
0 2055 22
0 2056 90
0 2057 22
0 2058 75
0 2059 34
0 2060 41
0 2061 45
0 2062 23
0 2063 12
0 2064 97
0 2065 73
0 2066 66
0 2067 5
0 2068 40
0 2069 30
0 2070 20
0 2071 66
0 2072 87
0 2073 6
0 2074 14
0 2075 52
0 2076 42
0 2077 100
0 2078 90
0 2079 9
0 2080 96
0 2081 38
0 2082 56
0 2083 5
0 2084 4
0 2085 42
0 2086 53
0 2087 94
0 2088 68
0 2089 79
0 2090 59
0 2091 6
0 2092 55
0 2093 89
0 2094 86
0 2095 10
0 2096 74
0 2097 58
0 2098 73
0 2099 93
0 2100 22
0 2101 57
0 2102 18
0 2103 95
0 2104 54
0 2105 11
0 2106 17
0 2107 24
0 2108 57
0 2109 11
0 2110 19
0 2111 33
0 2112 40
0 2113 88
0 2114 48
0 2115 29
0 2116 38
0 2117 52
0 2118 10
0 2119 65
0 2120 72
0 2121 29
0 2122 85
0 2123 38
0 2124 8
0 2125 33
0 2126 81
0 2127 37
0 2128 81
0 2129 38
0 2130 95
0 2131 17
0 2132 38
0 2133 73
0 2134 21
0 2135 97
0 2136 97
0 2137 30
0 2138 92
0 2139 57
0 2140 82
0 2141 38
0 2142 83
0 2143 43
0 2144 21
0 2145 61
0 2146 89
0 2147 47
0 2148 84
0 2149 79
0 2150 11
0 2151 68
0 2152 30
0 2153 95
0 2154 66
0 2155 86
0 2156 90
0 2157 26
0 2158 57
0 2159 40
0 2160 16
0 2161 99
0 2162 20
0 2163 2
0 2164 59
0 2165 11
0 2166 73
0 2167 69
0 2168 47
0 2169 100
0 2170 82
0 2171 96
0 2172 97
0 2173 11
0 2174 100
0 2175 28
0 2176 98
0 2177 83
0 2178 27
0 2179 76
0 2180 21
0 2181 86
0 2182 64
0 2183 94
0 2184 89
0 2185 38
0 2186 44
0 2187 93
0 2188 8
0 2189 85
0 2190 14
0 2191 7
0 2192 93
0 2193 25
0 2194 92
0 2195 96
0 2196 13
0 2197 71
0 2198 98
0 2199 94
0 2200 77
0 2201 5
0 2202 49
0 2203 1
0 2204 83
0 2205 15
0 2206 32
0 2207 98
0 2208 52
0 2209 95
0 2210 70
0 2211 4
0 2212 1
0 2213 36
0 2214 3
0 2215 59
0 2216 27
0 2217 5
0 2218 88
0 2219 28
0 2220 34
0 2221 84
0 2222 66
0 2223 70
0 2224 32
0 2225 49
0 2226 39
0 2227 43
0 2228 68
0 2229 18
0 2230 93
0 2231 100
0 2232 62
0 2233 40
0 2234 48
0 2235 80
0 2236 26
0 2237 83
0 2238 91
0 2239 88
0 2240 10
0 2241 84
0 2242 26
0 2243 59
0 2244 24
0 2245 79
0 2246 87
0 2247 7
0 2248 85
0 2249 21
0 2250 26
0 2251 27
0 2252 52
0 2253 100
0 2254 20
0 2255 74
0 2256 47
0 2257 59
0 2258 48
0 2259 35
0 2260 52
0 2261 70
0 2262 14
0 2263 20
0 2264 31
0 2265 38
0 2266 34
0 2267 48
0 2268 68
0 2269 49
0 2270 80
0 2271 95
0 2272 41
0 2273 24
0 2274 10
0 2275 20
0 2276 63
0 2277 26
0 2278 29
0 2279 90
0 2280 82
0 2281 2
0 2282 2
0 2283 62
0 2284 22
0 2285 50
0 2286 29
0 2287 18
0 2288 28
0 2289 82
0 2290 25
0 2291 71
0 2292 78
0 2293 76
0 2294 28
0 2295 44
0 2296 88
0 2297 22
0 2298 24
0 2299 58
0 2300 96
0 2301 87
0 2302 35
0 2303 73
0 2304 9
0 2305 51
0 2306 24
0 2307 96
0 2308 84
0 2309 45
0 2310 83
0 2311 45
0 2312 28
0 2313 54
0 2314 68
0 2315 49
0 2316 96
0 2317 8
0 2318 27
0 2319 59
0 2320 35
0 2321 63
0 2322 40
0 2323 40
0 2324 44
0 2325 77
0 2326 59
0 2327 78
0 2328 32
0 2329 12
0 2330 35
0 2331 98
0 2332 74
0 2333 51
0 2334 41
0 2335 97
0 2336 21
0 2337 6
0 2338 14
0 2339 63
0 2340 85
0 2341 48
0 2342 97
0 2343 79
0 2344 12
0 2345 48
0 2346 68
0 2347 47
0 2348 43
0 2349 12
0 2350 74
0 2351 79
0 2352 30
0 2353 69
0 2354 75
0 2355 22
0 2356 80
0 2357 67
0 2358 99
0 2359 82
0 2360 84
0 2361 18
0 2362 41
0 2363 88
0 2364 38
0 2365 67
0 2366 29
0 2367 59
0 2368 82
0 2369 56
0 2370 17
0 2371 97
0 2372 69
0 2373 75
0 2374 30
0 2375 85
0 2376 65
0 2377 78
0 2378 85
0 2379 93
0 2380 90
0 2381 44
0 2382 36
0 2383 20
0 2384 54
0 2385 37
0 2386 36
0 2387 5
0 2388 89
0 2389 79
0 2390 9
0 2391 26
0 2392 64
0 2393 77
0 2394 7
0 2395 27
0 2396 72
0 2397 45
0 2398 71
0 2399 31
0 2400 52
0 2401 82
0 2402 6
0 2403 22
0 2404 80
0 2405 94
0 2406 58
0 2407 90
0 2408 32
0 2409 40
0 2410 45
0 2411 75
0 2412 61
0 2413 2
0 2414 72
0 2415 89
0 2416 78
0 2417 58
0 2418 80
0 2419 36
0 2420 59
0 2421 82
0 2422 85
0 2423 28
0 2424 87
0 2425 76
0 2426 77
0 2427 77
0 2428 37
0 2429 75
0 2430 48
0 2431 22
0 2432 71
0 2433 48
0 2434 35
0 2435 9
0 2436 90
0 2437 93
0 2438 61
0 2439 26
0 2440 73
0 2441 59
0 2442 22
0 2443 93
0 2444 88
0 2445 97
0 2446 63
0 2447 71
0 2448 20
0 2449 89
0 2450 63
0 2451 13
0 2452 98
0 2453 82
0 2454 74
0 2455 51
0 2456 6
0 2457 32
0 2458 95
0 2459 68
0 2460 40
0 2461 79
0 2462 15
0 2463 3
0 2464 46
0 2465 81
0 2466 5
0 2467 91
0 2468 91
0 2469 64
0 2470 4
0 2471 65
0 2472 63
0 2473 75
0 2474 58
0 2475 54
0 2476 63
0 2477 40
0 2478 3
0 2479 12
0 2480 37
0 2481 61
0 2482 81
0 2483 22
0 2484 23
0 2485 9
0 2486 100
0 2487 75
0 2488 5
0 2489 56
0 2490 41
0 2491 93
0 2492 8
0 2493 95
0 2494 93
0 2495 14
0 2496 1
0 2497 1
0 2498 100
0 2499 68
0 2500 84
0 2501 71
0 2502 75
0 2503 7
0 2504 83
0 2505 75
0 2506 91
0 2507 11
0 2508 22
0 2509 9
0 2510 60
0 2511 70
0 2512 13
0 2513 75
0 2514 54
0 2515 31
0 2516 12
0 2517 45
0 2518 24
0 2519 5
0 2520 55
0 2521 1
0 2522 35
0 2523 43
0 2524 55
0 2525 22
0 2526 49
0 2527 48
0 2528 94
0 2529 90
0 2530 43
0 2531 36
0 2532 19
0 2533 30
0 2534 89
0 2535 77
0 2536 65
0 2537 96
0 2538 30
0 2539 36
0 2540 14
0 2541 47
0 2542 12
0 2543 81
0 2544 71
0 2545 10
0 2546 34
0 2547 58
0 2548 99
0 2549 36
0 2550 45
0 2551 28
0 2552 89
0 2553 66
0 2554 16
0 2555 16
0 2556 92
0 2557 36
0 2558 8
0 2559 12
0 2560 19
0 2561 13
0 2562 8
0 2563 10
0 2564 50
0 2565 69
0 2566 54
0 2567 78
0 2568 60
0 2569 57
0 2570 99
0 2571 29
0 2572 94
0 2573 49
0 2574 74
0 2575 75
0 2576 80
0 2577 59
0 2578 29
0 2579 93
0 2580 87
0 2581 53
0 2582 59
0 2583 12
0 2584 47
0 2585 37
0 2586 90
0 2587 50
0 2588 40
0 2589 44
0 2590 57
0 2591 70
0 2592 12
0 2593 44
0 2594 14
0 2595 64
0 2596 28
0 2597 76
0 2598 23
0 2599 19
0 2600 17
0 2601 82
0 2602 78
0 2603 18
0 2604 69
0 2605 25
0 2606 59
0 2607 94
0 2608 15
0 2609 9
0 2610 82
0 2611 70
0 2612 16
0 2613 19
0 2614 75
0 2615 14
0 2616 12
0 2617 22
0 2618 31
0 2619 82
0 2620 73
0 2621 80
0 2622 84
0 2623 71
0 2624 91
0 2625 83
0 2626 32
0 2627 8
0 2628 5
0 2629 11
0 2630 35
0 2631 82
0 2632 96
0 2633 41
0 2634 63
0 2635 46
0 2636 13
0 2637 46
0 2638 1
0 2639 37
0 2640 2
0 2641 37
0 2642 15
0 2643 70
0 2644 30
0 2645 68
0 2646 72
0 2647 21
0 2648 85
0 2649 70
0 2650 41
0 2651 80
0 2652 89
0 2653 95
0 2654 42
0 2655 73
0 2656 2
0 2657 73
0 2658 100
0 2659 54
0 2660 89
0 2661 50
0 2662 94
0 2663 25
0 2664 80
0 2665 71
0 2666 18
0 2667 98
0 2668 14
0 2669 88
0 2670 80
0 2671 96
0 2672 86
0 2673 23
0 2674 98
0 2675 24
0 2676 57
0 2677 47
0 2678 75
0 2679 53
0 2680 66
0 2681 97
0 2682 74
0 2683 99
0 2684 86
0 2685 53
0 2686 10
0 2687 51
0 2688 58
0 2689 19
0 2690 68
0 2691 52
0 2692 1
0 2693 53
0 2694 57
0 2695 56
0 2696 22
0 2697 91
0 2698 55
0 2699 58
0 2700 18
0 2701 31
0 2702 23
0 2703 96
0 2704 70
0 2705 62
0 2706 64
0 2707 15
0 2708 14
0 2709 35
0 2710 35
0 2711 90
0 2712 42
0 2713 42
0 2714 43
0 2715 28
0 2716 74
0 2717 62
0 2718 84
0 2719 70
0 2720 54
0 2721 8
0 2722 65
0 2723 8
0 2724 79
0 2725 17
0 2726 35
0 2727 53
0 2728 93
0 2729 74
0 2730 41
0 2731 10
0 2732 46
0 2733 18
0 2734 30
0 2735 52
0 2736 32
0 2737 2
0 2738 98
0 2739 14
0 2740 63
0 2741 42
0 2742 97
0 2743 85
0 2744 94
0 2745 21
0 2746 84
0 2747 27
0 2748 8
0 2749 53
0 2750 57
0 2751 47
0 2752 27
0 2753 61
0 2754 8
0 2755 56
0 2756 49
0 2757 44
0 2758 17
0 2759 86
0 2760 23
0 2761 79
0 2762 2
0 2763 25
0 2764 47
0 2765 87
0 2766 74
0 2767 100
0 2768 21
0 2769 37
0 2770 38
0 2771 22
0 2772 46
0 2773 7
0 2774 87
0 2775 73
0 2776 26
0 2777 75
0 2778 93
0 2779 36
0 2780 17
0 2781 60
0 2782 77
0 2783 87
0 2784 44
0 2785 9
0 2786 51
0 2787 14
0 2788 34
0 2789 91
0 2790 6
0 2791 74
0 2792 26
0 2793 72
0 2794 40
0 2795 93
0 2796 36
0 2797 77
0 2798 66
0 2799 85
0 2800 60
0 2801 100
0 2802 89
0 2803 39
0 2804 74
0 2805 10
0 2806 4
0 2807 74
0 2808 93
0 2809 48
0 2810 94
0 2811 59
0 2812 51
0 2813 38
0 2814 95
0 2815 41
0 2816 87
0 2817 97
0 2818 15
0 2819 26
0 2820 66
0 2821 55
0 2822 75
0 2823 81
0 2824 26
0 2825 25
0 2826 49
0 2827 24
0 2828 69
0 2829 80
0 2830 62
0 2831 66
0 2832 46
0 2833 85
0 2834 3
0 2835 92
0 2836 91
0 2837 63
0 2838 53
0 2839 61
0 2840 44
0 2841 83
0 2842 55
0 2843 75
0 2844 99
0 2845 79
0 2846 55
0 2847 58
0 2848 70
0 2849 49
0 2850 36
0 2851 98
0 2852 21
0 2853 66
0 2854 43
0 2855 16
0 2856 80
0 2857 51
0 2858 7
0 2859 55
0 2860 94
0 2861 24
0 2862 59
0 2863 39
0 2864 11
0 2865 20
0 2866 64
0 2867 11
0 2868 45
0 2869 98
0 2870 45
0 2871 100
0 2872 54
0 2873 81
0 2874 99
0 2875 78
0 2876 74
0 2877 79
0 2878 53
0 2879 97
0 2880 81
0 2881 20
0 2882 81
0 2883 84
0 2884 23
0 2885 78
0 2886 98
0 2887 70
0 2888 84
0 2889 53
0 2890 91
0 2891 41
0 2892 39
0 2893 29
0 2894 56
0 2895 80
0 2896 7
0 2897 52
0 2898 43
0 2899 70
0 2900 29
0 2901 78
0 2902 45
0 2903 9
0 2904 41
0 2905 17
0 2906 56
0 2907 70
0 2908 19
0 2909 90
0 2910 54
0 2911 38
0 2912 1
0 2913 58
0 2914 68
0 2915 37
0 2916 33
0 2917 17
0 2918 21
0 2919 95
0 2920 82
0 2921 76
0 2922 93
0 2923 72
0 2924 44
0 2925 11
0 2926 6
0 2927 46
0 2928 21
0 2929 50
0 2930 26
0 2931 58
0 2932 25
0 2933 77
0 2934 23
0 2935 44
0 2936 43
0 2937 8
0 2938 73
0 2939 15
0 2940 94
0 2941 81
0 2942 18
0 2943 45
0 2944 94
0 2945 12
0 2946 20
0 2947 13
0 2948 13
0 2949 72
0 2950 39
0 2951 20
0 2952 1
0 2953 64
0 2954 1
0 2955 46
0 2956 6
0 2957 7
0 2958 44
0 2959 36
0 2960 57
0 2961 53
0 2962 80
0 2963 23
0 2964 43
0 2965 6
0 2966 14
0 2967 51
0 2968 52
0 2969 97
0 2970 41
0 2971 95
0 2972 75
0 2973 22
0 2974 32
0 2975 87
0 2976 60
0 2977 38
0 2978 92
0 2979 84
0 2980 73
0 2981 56
0 2982 76
0 2983 35
0 2984 6
0 2985 16
0 2986 23
0 2987 16
0 2988 80
0 2989 35
0 2990 11
0 2991 46
0 2992 9
0 2993 2
0 2994 56
0 2995 12
0 2996 38
0 2997 77
0 2998 31
0 2999 56
0 3000 13
0 3001 61
0 3002 53
0 3003 36
0 3004 78
0 3005 50
0 3006 64
0 3007 6
0 3008 2
0 3009 87
0 3010 86
0 3011 1
0 3012 32
0 3013 87
0 3014 97
0 3015 82
0 3016 28
0 3017 8
0 3018 91
0 3019 25
0 3020 90
0 3021 44
0 3022 26
0 3023 4
0 3024 83
0 3025 56
0 3026 51
0 3027 15
0 3028 10
0 3029 18
0 3030 77
0 3031 94
0 3032 6
0 3033 35
0 3034 82
0 3035 31
0 3036 4
0 3037 37
0 3038 74
0 3039 1
0 3040 93
0 3041 79
0 3042 12
0 3043 29
0 3044 70
0 3045 63
0 3046 38
0 3047 61
0 3048 41
0 3049 65
0 3050 36
0 3051 91
0 3052 4
0 3053 90
0 3054 37
0 3055 95
0 3056 20
0 3057 4
0 3058 74
0 3059 30
0 3060 83
0 3061 98
0 3062 13
0 3063 58
0 3064 11
0 3065 84
0 3066 2
0 3067 20
0 3068 91
0 3069 95
0 3070 24
0 3071 93
0 3072 81
0 3073 91
0 3074 15
0 3075 16
0 3076 12
0 3077 91
0 3078 29
0 3079 82
0 3080 22
0 3081 35
0 3082 20
0 3083 64
0 3084 62
0 3085 45
0 3086 5
0 3087 94
0 3088 15
0 3089 98
0 3090 23
0 3091 62
0 3092 66
0 3093 23
0 3094 38
0 3095 67
0 3096 3
0 3097 91
0 3098 70
0 3099 51
0 3100 81
0 3101 93
0 3102 59
0 3103 20
0 3104 17
0 3105 7
0 3106 43
0 3107 34
0 3108 56
0 3109 14
0 3110 73
0 3111 51
0 3112 86
0 3113 17
0 3114 73
0 3115 81
0 3116 8
0 3117 50
0 3118 49
0 3119 10
0 3120 93
0 3121 28
0 3122 55
0 3123 62
0 3124 57
0 3125 2
0 3126 64
0 3127 49
0 3128 75
0 3129 49
0 3130 98
0 3131 16
0 3132 93
0 3133 33
0 3134 53
0 3135 13
0 3136 38
0 3137 18
0 3138 12
0 3139 27
0 3140 32
0 3141 6
0 3142 87
0 3143 31
0 3144 19
0 3145 48
0 3146 29
0 3147 58
0 3148 47
0 3149 27
0 3150 65
0 3151 9
0 3152 30
0 3153 97
0 3154 30
0 3155 20
0 3156 54
0 3157 71
0 3158 96
0 3159 24
0 3160 46
0 3161 26
0 3162 1
0 3163 66
0 3164 31
0 3165 84
0 3166 45
0 3167 92
0 3168 71
0 3169 69
0 3170 38
0 3171 54
0 3172 86
0 3173 90
0 3174 9
0 3175 55
0 3176 94
0 3177 99
0 3178 38
0 3179 59
0 3180 41
0 3181 5
0 3182 34
0 3183 89
0 3184 65
0 3185 51
0 3186 92
0 3187 90
0 3188 20
0 3189 70
0 3190 17
0 3191 69
0 3192 49
0 3193 5
0 3194 73
0 3195 50
0 3196 15
0 3197 38
0 3198 64
0 3199 97
0 3200 93
0 3201 47
0 3202 53
0 3203 48
0 3204 84
0 3205 81
0 3206 46
0 3207 50
0 3208 50
0 3209 67
0 3210 65
0 3211 75
0 3212 36
0 3213 52
0 3214 76
0 3215 25
0 3216 87
0 3217 86
0 3218 9
0 3219 73
0 3220 31
0 3221 7
0 3222 88
0 3223 90
0 3224 44
0 3225 78
0 3226 25
0 3227 16
0 3228 18
0 3229 28
0 3230 85
0 3231 49
0 3232 96
0 3233 93
0 3234 81
0 3235 85
0 3236 53
0 3237 25
0 3238 43
0 3239 20
0 3240 44
0 3241 19
0 3242 18
0 3243 60
0 3244 67
0 3245 13
0 3246 93
0 3247 38
0 3248 80
0 3249 52
0 3250 77
0 3251 81
0 3252 83
0 3253 67
0 3254 76
0 3255 90
0 3256 18
0 3257 22
0 3258 45
0 3259 59
0 3260 46
0 3261 36
0 3262 72
0 3263 27
0 3264 80
0 3265 70
0 3266 62
0 3267 89
0 3268 46
0 3269 37
0 3270 71
0 3271 97
0 3272 64
0 3273 12
0 3274 2
0 3275 87
0 3276 6
0 3277 50
0 3278 44
0 3279 18
0 3280 67
0 3281 14
0 3282 79
0 3283 45
0 3284 44
0 3285 96
0 3286 17
0 3287 30
0 3288 68
0 3289 81
0 3290 24
0 3291 85
0 3292 65
0 3293 44
0 3294 10
0 3295 92
0 3296 100
0 3297 75
0 3298 79
0 3299 27
0 3300 85
0 3301 41
0 3302 83
0 3303 33
0 3304 10
0 3305 41
0 3306 66
0 3307 15
0 3308 49
0 3309 57
0 3310 66
0 3311 23
0 3312 57
0 3313 6
0 3314 29
0 3315 91
0 3316 15
0 3317 51
0 3318 60
0 3319 100
0 3320 98
0 3321 70
0 3322 63
0 3323 32
0 3324 22
0 3325 38
0 3326 10
0 3327 26
0 3328 61
0 3329 12
0 3330 34
0 3331 24
0 3332 75
0 3333 13
0 3334 78
0 3335 77
0 3336 53
0 3337 55
0 3338 81
0 3339 15
0 3340 13
0 3341 16
0 3342 49
0 3343 77
0 3344 73
0 3345 96
0 3346 93
0 3347 13
0 3348 50
0 3349 97
0 3350 32
0 3351 11
0 3352 76
0 3353 42
0 3354 35
0 3355 5
0 3356 73
0 3357 48
0 3358 69
0 3359 3
0 3360 58
0 3361 95
0 3362 29
0 3363 60
0 3364 69
0 3365 24
0 3366 92
0 3367 28
0 3368 53
0 3369 34
0 3370 46
0 3371 10
0 3372 40
0 3373 25
0 3374 5
0 3375 62
0 3376 21
0 3377 59
0 3378 68
0 3379 100
0 3380 51
0 3381 44
0 3382 34
0 3383 67
0 3384 85
0 3385 80
0 3386 22
0 3387 99
0 3388 90
0 3389 44
0 3390 90
0 3391 83
0 3392 44
0 3393 27
0 3394 37
0 3395 63
0 3396 66
0 3397 96
0 3398 6
0 3399 91
0 3400 52
0 3401 57
0 3402 65
0 3403 77
0 3404 28
0 3405 62
0 3406 28
0 3407 100
0 3408 99
0 3409 32
0 3410 39
0 3411 91
0 3412 17
0 3413 74
0 3414 73
0 3415 57
0 3416 93
0 3417 57
0 3418 37
0 3419 64
0 3420 25
0 3421 68
0 3422 22
0 3423 48
0 3424 27
0 3425 34
0 3426 43
0 3427 65
0 3428 42
0 3429 32
0 3430 56
0 3431 97
0 3432 20
0 3433 36
0 3434 37
0 3435 76
0 3436 44
0 3437 93
0 3438 25
0 3439 58
0 3440 11
0 3441 42
0 3442 12
0 3443 92
0 3444 68
0 3445 97
0 3446 17
0 3447 7
0 3448 74
0 3449 96
0 3450 36
0 3451 2
0 3452 23
0 3453 62
0 3454 92
0 3455 56
0 3456 78
0 3457 4
0 3458 13
0 3459 1
0 3460 57
0 3461 88
0 3462 72
0 3463 66
0 3464 94
0 3465 100
0 3466 100
0 3467 63
0 3468 16
0 3469 100
0 3470 65
0 3471 77
0 3472 46
0 3473 42
0 3474 68
0 3475 73
0 3476 28
0 3477 27
0 3478 75
0 3479 32
0 3480 74
0 3481 74
0 3482 71
0 3483 70
0 3484 23
0 3485 8
0 3486 64
0 3487 66
0 3488 98
0 3489 66
0 3490 84
0 3491 80
0 3492 31
0 3493 52
0 3494 40
0 3495 14
0 3496 13
0 3497 33
0 3498 64
0 3499 37
0 3500 68
0 3501 85
0 3502 98
0 3503 12
0 3504 28
0 3505 15
0 3506 67
0 3507 59
0 3508 73
0 3509 90
0 3510 26
0 3511 65
0 3512 45
0 3513 70
0 3514 66
0 3515 76
0 3516 8
0 3517 33
0 3518 7
0 3519 14
0 3520 47
0 3521 28
0 3522 44
0 3523 58
0 3524 65
0 3525 16
0 3526 12
0 3527 81
0 3528 82
0 3529 18
0 3530 34
0 3531 52
0 3532 41
0 3533 95
0 3534 12
0 3535 27
0 3536 33
0 3537 66
0 3538 77
0 3539 86
0 3540 52
0 3541 96
0 3542 91
0 3543 68
0 3544 93
0 3545 45
0 3546 92
0 3547 88
0 3548 8
0 3549 40
0 3550 52
0 3551 45
0 3552 88
0 3553 45
0 3554 17
0 3555 59
0 3556 17
0 3557 20
0 3558 46
0 3559 44
0 3560 53
0 3561 87
0 3562 63
0 3563 74
0 3564 25
0 3565 73
0 3566 89
0 3567 30
0 3568 56
0 3569 14
0 3570 6
0 3571 9
0 3572 4
0 3573 23
0 3574 29
0 3575 4
0 3576 48
0 3577 82
0 3578 31
0 3579 29
0 3580 86
0 3581 67
0 3582 99
0 3583 86
0 3584 34
0 3585 62
0 3586 90
0 3587 10
0 3588 25
0 3589 12
0 3590 57
0 3591 74
0 3592 69
0 3593 30
0 3594 77
0 3595 15
0 3596 14
0 3597 45
0 3598 60
0 3599 41
0 3600 26
0 3601 8
0 3602 53
0 3603 62
0 3604 21
0 3605 65
0 3606 20
0 3607 29
0 3608 30
0 3609 46
0 3610 54
0 3611 32
0 3612 39
0 3613 97
0 3614 37
0 3615 37
0 3616 77
0 3617 30
0 3618 65
0 3619 88
0 3620 52
0 3621 9
0 3622 90
0 3623 24
0 3624 35
0 3625 44
0 3626 45
0 3627 33
0 3628 51
0 3629 6
0 3630 62
0 3631 17
0 3632 6
0 3633 76
0 3634 32
0 3635 95
0 3636 91
0 3637 92
0 3638 61
0 3639 19
0 3640 53
0 3641 64
0 3642 12
0 3643 45
0 3644 69
0 3645 10
0 3646 74
0 3647 10
0 3648 96
0 3649 90
0 3650 29
0 3651 6
0 3652 98
0 3653 5
0 3654 3
0 3655 96
0 3656 50
0 3657 55
0 3658 23
0 3659 18
0 3660 92
0 3661 56
0 3662 29
0 3663 49
0 3664 22
0 3665 68
0 3666 85
0 3667 17
0 3668 82
0 3669 30
0 3670 8
0 3671 59
0 3672 11
0 3673 13
0 3674 54
0 3675 28
0 3676 30
0 3677 81
0 3678 24
0 3679 66
0 3680 68
0 3681 41
0 3682 49
0 3683 73
0 3684 3
0 3685 33
0 3686 24
0 3687 96
0 3688 12
0 3689 35
0 3690 38
0 3691 87
0 3692 33
0 3693 55
0 3694 1
0 3695 10
0 3696 3
0 3697 43
0 3698 38
0 3699 44
0 3700 30
0 3701 54
0 3702 87
0 3703 56
0 3704 76
0 3705 93
0 3706 21
0 3707 57
0 3708 48
0 3709 92
0 3710 9
0 3711 12
0 3712 1
0 3713 68
0 3714 62
0 3715 56
0 3716 24
0 3717 29
0 3718 60
0 3719 84
0 3720 31
0 3721 23
0 3722 96
0 3723 36
0 3724 82
0 3725 30
0 3726 9
0 3727 42
0 3728 16
0 3729 67
0 3730 89
0 3731 99
0 3732 96
0 3733 84
0 3734 44
0 3735 23
0 3736 38
0 3737 39
0 3738 87
0 3739 27
0 3740 1
0 3741 94
0 3742 81
0 3743 53
0 3744 6
0 3745 62
0 3746 9
0 3747 89
0 3748 87
0 3749 49
0 3750 51
0 3751 78
0 3752 75
0 3753 12
0 3754 24
0 3755 57
0 3756 8
0 3757 99
0 3758 33
0 3759 35
0 3760 99
0 3761 73
0 3762 43
0 3763 19
0 3764 78
0 3765 71
0 3766 55
0 3767 90
0 3768 54
0 3769 88
0 3770 45
0 3771 55
0 3772 36
0 3773 71
0 3774 15
0 3775 35
0 3776 72
0 3777 40
0 3778 32
0 3779 49
0 3780 66
0 3781 38
0 3782 2
0 3783 44
0 3784 30
0 3785 65
0 3786 45
0 3787 78
0 3788 21
0 3789 37
0 3790 78
0 3791 53
0 3792 93
0 3793 92
0 3794 80
0 3795 36
0 3796 10
0 3797 13
0 3798 91
0 3799 31
0 3800 15
0 3801 75
0 3802 3
0 3803 89
0 3804 94
0 3805 7
0 3806 71
0 3807 60
0 3808 51
0 3809 69
0 3810 60
0 3811 84
0 3812 92
0 3813 42
0 3814 20
0 3815 57
0 3816 13
0 3817 27
0 3818 49
0 3819 94
0 3820 55
0 3821 56
0 3822 31
0 3823 26
0 3824 37
0 3825 76
0 3826 65
0 3827 22
0 3828 95
0 3829 69
0 3830 36
0 3831 18
0 3832 87
0 3833 80
0 3834 89
0 3835 97
0 3836 65
0 3837 66
0 3838 66
0 3839 35
0 3840 6
0 3841 74
0 3842 57
0 3843 98
0 3844 41
0 3845 34
0 3846 33
0 3847 5
0 3848 79
0 3849 94
0 3850 62
0 3851 38
0 3852 57
0 3853 64
0 3854 76
0 3855 68
0 3856 84
0 3857 6
0 3858 35
0 3859 9
0 3860 37
0 3861 3
0 3862 11
0 3863 93
0 3864 11
0 3865 12
0 3866 51
0 3867 34
0 3868 50
0 3869 68
0 3870 39
0 3871 41
0 3872 30
0 3873 14
0 3874 59
0 3875 51
0 3876 93
0 3877 43
0 3878 10
0 3879 89
0 3880 18
0 3881 33
0 3882 89
0 3883 34
0 3884 31
0 3885 41
0 3886 10
0 3887 6
0 3888 50
0 3889 86
0 3890 97
0 3891 20
0 3892 8
0 3893 35
0 3894 95
0 3895 70
0 3896 43
0 3897 39
0 3898 92
0 3899 89
0 3900 30
0 3901 9
0 3902 99
0 3903 88
0 3904 51
0 3905 42
0 3906 74
0 3907 38
0 3908 77
0 3909 15
0 3910 15
0 3911 24
0 3912 3
0 3913 68
0 3914 6
0 3915 45
0 3916 5
0 3917 63
0 3918 40
0 3919 24
0 3920 31
0 3921 19
0 3922 90
0 3923 84
0 3924 5
0 3925 57
0 3926 12
0 3927 40
0 3928 58
0 3929 60
0 3930 14
0 3931 94
0 3932 100
0 3933 13
0 3934 17
0 3935 2
0 3936 88
0 3937 22
0 3938 73
0 3939 64
0 3940 83
0 3941 48
0 3942 2
0 3943 70
0 3944 18
0 3945 100
0 3946 1
0 3947 53
0 3948 36
0 3949 10
0 3950 51
0 3951 23
0 3952 94
0 3953 30
0 3954 2
0 3955 89
0 3956 94
0 3957 61
0 3958 59
0 3959 75
0 3960 69
0 3961 64
0 3962 43
0 3963 17
0 3964 28
0 3965 12
0 3966 33
0 3967 71
0 3968 30
0 3969 33
0 3970 42
0 3971 45
0 3972 21
0 3973 20
0 3974 14
0 3975 56
0 3976 38
0 3977 9
0 3978 94
0 3979 28
0 3980 98
0 3981 38
0 3982 2
0 3983 94
0 3984 3
0 3985 14
0 3986 16
0 3987 51
0 3988 5
0 3989 35
0 3990 52
0 3991 84
0 3992 83
0 3993 90
0 3994 61
0 3995 82
0 3996 6
0 3997 30
0 3998 80
0 3999 37
0 4000 9
0 4001 95
0 4002 19
0 4003 77
0 4004 29
0 4005 65
0 4006 48
0 4007 16
0 4008 8
0 4009 82
0 4010 37
0 4011 39
0 4012 57
0 4013 12
0 4014 30
0 4015 69
0 4016 60
0 4017 72
0 4018 6
0 4019 50
0 4020 5
0 4021 23
0 4022 9
0 4023 98
0 4024 78
0 4025 27
0 4026 22
0 4027 56
0 4028 78
0 4029 47
0 4030 13
0 4031 74
0 4032 4
0 4033 65
0 4034 10
0 4035 7
0 4036 37
0 4037 57
0 4038 46
0 4039 44
0 4040 95
0 4041 75
0 4042 50
0 4043 98
0 4044 20
0 4045 98
0 4046 54
0 4047 17
0 4048 59
0 4049 95
0 4050 6
0 4051 85
0 4052 18
0 4053 45
0 4054 13
0 4055 73
0 4056 79
0 4057 50
0 4058 19
0 4059 76
0 4060 41
0 4061 95
0 4062 37
0 4063 61
0 4064 92
0 4065 3
0 4066 17
0 4067 24
0 4068 81
0 4069 94
0 4070 47
0 4071 48
0 4072 8
0 4073 5
0 4074 85
0 4075 36
0 4076 31
0 4077 1
0 4078 58
0 4079 76
0 4080 97
0 4081 60
0 4082 25
0 4083 45
0 4084 80
0 4085 85
0 4086 37
0 4087 25
0 4088 89
0 4089 4
0 4090 49
0 4091 26
0 4092 21
0 4093 91
0 4094 75
0 4095 71
0 4096 76
0 4097 68
0 4098 5
0 4099 32
0 4100 23
0 4101 78
0 4102 52
0 4103 14
0 4104 43
0 4105 68
0 4106 21
0 4107 38
0 4108 38
0 4109 81
0 4110 63
0 4111 92
0 4112 25
0 4113 95
0 4114 64
0 4115 10
0 4116 43
0 4117 99
0 4118 27
0 4119 27
0 4120 26
0 4121 33
0 4122 2
0 4123 18
0 4124 56
0 4125 29
0 4126 11
0 4127 58
0 4128 1
0 4129 45
0 4130 95
0 4131 55
0 4132 28
0 4133 7
0 4134 60
0 4135 44
0 4136 28
0 4137 79
0 4138 56
0 4139 84
0 4140 58
0 4141 58
0 4142 88
0 4143 25
0 4144 96
0 4145 91
0 4146 37
0 4147 56
0 4148 52
0 4149 67
0 4150 42
0 4151 30
0 4152 75
0 4153 88
0 4154 87
0 4155 79
0 4156 77
0 4157 14
0 4158 18
0 4159 56
0 4160 19
0 4161 21
0 4162 69
0 4163 76
0 4164 81
0 4165 68
0 4166 72
0 4167 33
0 4168 58
0 4169 71
0 4170 52
0 4171 62
0 4172 53
0 4173 37
0 4174 73
0 4175 57
0 4176 26
0 4177 92
0 4178 73
0 4179 34
0 4180 38
0 4181 37
0 4182 27
0 4183 10
0 4184 23
0 4185 53
0 4186 47
0 4187 66
0 4188 72
0 4189 91
0 4190 40
0 4191 61
0 4192 66
0 4193 65
0 4194 72
0 4195 57
0 4196 61
0 4197 8
0 4198 55
0 4199 18
0 4200 34
0 4201 87
0 4202 51
0 4203 84
0 4204 73
0 4205 32
0 4206 87
0 4207 54
0 4208 86
0 4209 87
0 4210 20
0 4211 85
0 4212 72
0 4213 13
0 4214 25
0 4215 84
0 4216 35
0 4217 85
0 4218 24
0 4219 19
0 4220 17
0 4221 62
0 4222 31
0 4223 31
0 4224 9
0 4225 56
0 4226 15
0 4227 32
0 4228 75
0 4229 1
0 4230 33
0 4231 34
0 4232 23
0 4233 32
0 4234 27
0 4235 25
0 4236 53
0 4237 12
0 4238 42
0 4239 96
0 4240 61
0 4241 52
0 4242 13
0 4243 41
0 4244 84
0 4245 12
0 4246 1
0 4247 51
0 4248 43
0 4249 60
0 4250 77
0 4251 66
0 4252 33
0 4253 12
0 4254 1
0 4255 56
0 4256 49
0 4257 55
0 4258 36
0 4259 50
0 4260 42
0 4261 78
0 4262 35
0 4263 33
0 4264 42
0 4265 81
0 4266 73
0 4267 67
0 4268 5
0 4269 38
0 4270 56
0 4271 53
0 4272 95
0 4273 30
0 4274 10
0 4275 22
0 4276 53
0 4277 88
0 4278 14
0 4279 47
0 4280 79
0 4281 65
0 4282 61
0 4283 31
0 4284 50
0 4285 22
0 4286 90
0 4287 31
0 4288 81
0 4289 29
0 4290 50
0 4291 82
0 4292 15
0 4293 19
0 4294 60
0 4295 51
0 4296 55
0 4297 87
0 4298 69
0 4299 56
0 4300 49
0 4301 16
0 4302 56
0 4303 27
0 4304 39
0 4305 1
0 4306 42
0 4307 44
0 4308 48
0 4309 74
0 4310 56
0 4311 85
0 4312 86
0 4313 76
0 4314 10
0 4315 85
0 4316 66
0 4317 78
0 4318 77
0 4319 92
0 4320 82
0 4321 27
0 4322 8
0 4323 62
0 4324 79
0 4325 59
0 4326 21
0 4327 53
0 4328 77
0 4329 53
0 4330 19
0 4331 80
0 4332 69
0 4333 68
0 4334 35
0 4335 41
0 4336 10
0 4337 70
0 4338 16
0 4339 90
0 4340 11
0 4341 27
0 4342 72
0 4343 51
0 4344 5
0 4345 30
0 4346 98
0 4347 9
0 4348 56
0 4349 26
0 4350 22
0 4351 16
0 4352 88
0 4353 48
0 4354 4
0 4355 20
0 4356 39
0 4357 40
0 4358 89
0 4359 65
0 4360 29
0 4361 100
0 4362 51
0 4363 49
0 4364 53
0 4365 36
0 4366 55
0 4367 11
0 4368 31
0 4369 61
0 4370 50
0 4371 5
0 4372 16
0 4373 45
0 4374 61
0 4375 47
0 4376 51
0 4377 35
0 4378 99
0 4379 3
0 4380 12
0 4381 72
0 4382 2
0 4383 30
0 4384 55
0 4385 53
0 4386 88
0 4387 33
0 4388 1
0 4389 45
0 4390 8
0 4391 90
0 4392 23
0 4393 96
0 4394 12
0 4395 93
0 4396 34
0 4397 22
0 4398 100
0 4399 78
0 4400 80
0 4401 33
0 4402 46
0 4403 21
0 4404 86
0 4405 97
0 4406 56
0 4407 21
0 4408 13
0 4409 86
0 4410 55
0 4411 27
0 4412 6
0 4413 86
0 4414 72
0 4415 86
0 4416 70
0 4417 5
0 4418 22
0 4419 69
0 4420 75
0 4421 18
0 4422 91
0 4423 61
0 4424 87
0 4425 79
0 4426 80
0 4427 69
0 4428 31
0 4429 16
0 4430 68
0 4431 5
0 4432 39
0 4433 47
0 4434 57
0 4435 22
0 4436 85
0 4437 72
0 4438 80
0 4439 47
0 4440 83
0 4441 56
0 4442 63
0 4443 25
0 4444 66
0 4445 86
0 4446 64
0 4447 41
0 4448 73
0 4449 9
0 4450 44
0 4451 55
0 4452 76
0 4453 63
0 4454 61
0 4455 24
0 4456 4
0 4457 56
0 4458 22
0 4459 45
0 4460 12
0 4461 40
0 4462 82
0 4463 36
0 4464 44
0 4465 46
0 4466 96
0 4467 55
0 4468 13
0 4469 80
0 4470 41
0 4471 75
0 4472 20
0 4473 88
0 4474 39
0 4475 76
0 4476 29
0 4477 82
0 4478 83
0 4479 6
0 4480 98
0 4481 97
0 4482 23
0 4483 81
0 4484 8
0 4485 44
0 4486 75
0 4487 58
0 4488 74
0 4489 33
0 4490 25
0 4491 69
0 4492 61
0 4493 52
0 4494 67
0 4495 35
0 4496 25
0 4497 55
0 4498 53
0 4499 57
0 4500 26
0 4501 27
0 4502 88
0 4503 32
0 4504 5
0 4505 39
0 4506 95
0 4507 49
0 4508 22
0 4509 96
0 4510 68
0 4511 1
0 4512 23
0 4513 32
0 4514 35
0 4515 25
0 4516 28
0 4517 1
0 4518 52
0 4519 79
0 4520 27
0 4521 67
0 4522 74
0 4523 32
0 4524 42
0 4525 54
0 4526 53
0 4527 75
0 4528 3
0 4529 29
0 4530 5
0 4531 32
0 4532 60
0 4533 51
0 4534 17
0 4535 74
0 4536 94
0 4537 40
0 4538 87
0 4539 64
0 4540 44
0 4541 66
0 4542 4
0 4543 70
0 4544 73
0 4545 79
0 4546 64
0 4547 80
0 4548 46
0 4549 6
0 4550 28
0 4551 35
0 4552 29
0 4553 9
0 4554 82
0 4555 16
0 4556 3
0 4557 53
0 4558 68
0 4559 43
0 4560 93
0 4561 65
0 4562 59
0 4563 64
0 4564 44
0 4565 82
0 4566 34
0 4567 34
0 4568 42
0 4569 32
0 4570 34
0 4571 48
0 4572 97
0 4573 43
0 4574 62
0 4575 26
0 4576 55
0 4577 1
0 4578 74
0 4579 90
0 4580 84
0 4581 71
0 4582 28
0 4583 19
0 4584 80
0 4585 23
0 4586 91
0 4587 79
0 4588 97
0 4589 96
0 4590 63
0 4591 83
0 4592 85
0 4593 90
0 4594 25
0 4595 49
0 4596 84
0 4597 42
0 4598 77
0 4599 59
0 4600 30
0 4601 58
0 4602 10
0 4603 43
0 4604 56
0 4605 78
0 4606 31
0 4607 24
0 4608 34
0 4609 94
0 4610 77
0 4611 86
0 4612 76
0 4613 24
0 4614 92
0 4615 38
0 4616 6
0 4617 82
0 4618 74
0 4619 33
0 4620 98
0 4621 1
0 4622 14
0 4623 72
0 4624 52
0 4625 37
0 4626 94
0 4627 86
0 4628 18
0 4629 89
0 4630 78
0 4631 65
0 4632 86
0 4633 91
0 4634 42
0 4635 15
0 4636 50
0 4637 77
0 4638 78
0 4639 20
0 4640 82
0 4641 15
0 4642 88
0 4643 85
0 4644 44
0 4645 53
0 4646 78
0 4647 45
0 4648 45
0 4649 94
0 4650 87
0 4651 48
0 4652 52
0 4653 87
0 4654 93
0 4655 88
0 4656 30
0 4657 50
0 4658 90
0 4659 96
0 4660 33
0 4661 98
0 4662 92
0 4663 57
0 4664 25
0 4665 3
0 4666 1
0 4667 61
0 4668 65
0 4669 75
0 4670 95
0 4671 98
0 4672 34
0 4673 72
0 4674 57
0 4675 39
0 4676 55
0 4677 94
0 4678 84
0 4679 26
0 4680 69
0 4681 62
0 4682 90
0 4683 10
0 4684 54
0 4685 38
0 4686 9
0 4687 34
0 4688 22
0 4689 88
0 4690 72
0 4691 51
0 4692 41
0 4693 32
0 4694 79
0 4695 30
0 4696 36
0 4697 25
0 4698 88
0 4699 69
0 4700 75
0 4701 24
0 4702 35
0 4703 39
0 4704 71
0 4705 96
0 4706 82
0 4707 4
0 4708 82
0 4709 36
0 4710 30
0 4711 59
0 4712 20
0 4713 23
0 4714 67
0 4715 45
0 4716 16
0 4717 54
0 4718 82
0 4719 23
0 4720 33
0 4721 3
0 4722 61
0 4723 83
0 4724 31
0 4725 5
0 4726 28
0 4727 44
0 4728 31
0 4729 13
0 4730 12
0 4731 26
0 4732 86
0 4733 12
0 4734 81
0 4735 98
0 4736 81
0 4737 28
0 4738 77
0 4739 92
0 4740 35
0 4741 45
0 4742 99
0 4743 60
0 4744 4
0 4745 12
0 4746 61
0 4747 10
0 4748 63
0 4749 62
0 4750 71
0 4751 37
0 4752 66
0 4753 16
0 4754 78
0 4755 55
0 4756 73
0 4757 24
0 4758 6
0 4759 7
0 4760 41
0 4761 84
0 4762 67
0 4763 30
0 4764 52
0 4765 50
0 4766 50
0 4767 27
0 4768 75
0 4769 43
0 4770 44
0 4771 54
0 4772 24
0 4773 34
0 4774 23
0 4775 59
0 4776 65
0 4777 62
0 4778 6
0 4779 92
0 4780 69
0 4781 48
0 4782 48
0 4783 51
0 4784 10
0 4785 19
0 4786 85
0 4787 49
0 4788 57
0 4789 33
0 4790 89
0 4791 92
0 4792 31
0 4793 66
0 4794 42
0 4795 39
0 4796 28
0 4797 68
0 4798 85
0 4799 75
0 4800 30
0 4801 30
0 4802 92
0 4803 55
0 4804 35
0 4805 91
0 4806 51
0 4807 74
0 4808 80
0 4809 28
0 4810 25
0 4811 62
0 4812 72
0 4813 79
0 4814 30
0 4815 65
0 4816 81
0 4817 59
0 4818 3
0 4819 75
0 4820 18
0 4821 39
0 4822 62
0 4823 78
0 4824 60
0 4825 18
0 4826 53
0 4827 46
0 4828 10
0 4829 53
0 4830 74
0 4831 97
0 4832 62
0 4833 13
0 4834 73
0 4835 59
0 4836 66
0 4837 5
0 4838 2
0 4839 8
0 4840 1
0 4841 51
0 4842 29
0 4843 63
0 4844 75
0 4845 47
0 4846 40
0 4847 63
0 4848 62
0 4849 32
0 4850 44
0 4851 62
0 4852 56
0 4853 32
0 4854 16
0 4855 1
0 4856 50
0 4857 29
0 4858 32
0 4859 70
0 4860 47
0 4861 85
0 4862 66
0 4863 25
0 4864 50
0 4865 26
0 4866 87
0 4867 22
0 4868 40
0 4869 34
0 4870 92
0 4871 81
0 4872 96
0 4873 35
0 4874 79
0 4875 88
0 4876 74
0 4877 20
0 4878 74
0 4879 82
0 4880 99
0 4881 35
0 4882 40
0 4883 37
0 4884 99
0 4885 83
0 4886 8
0 4887 38
0 4888 99
0 4889 54
0 4890 91
0 4891 89
0 4892 61
0 4893 56
0 4894 20
0 4895 31
0 4896 95
0 4897 96
0 4898 18
0 4899 88
0 4900 1
0 4901 43
0 4902 6
0 4903 2
0 4904 72
0 4905 70
0 4906 4
0 4907 85
0 4908 37
0 4909 86
0 4910 29
0 4911 37
0 4912 69
0 4913 16
0 4914 55
0 4915 58
0 4916 91
0 4917 52
0 4918 53
0 4919 59
0 4920 83
0 4921 5
0 4922 69
0 4923 73
0 4924 2
0 4925 14
0 4926 72
0 4927 100
0 4928 100
0 4929 93
0 4930 6
0 4931 92
0 4932 42
0 4933 85
0 4934 3
0 4935 26
0 4936 10
0 4937 83
0 4938 66
0 4939 17
0 4940 48
0 4941 29
0 4942 12
0 4943 89
0 4944 99
0 4945 22
0 4946 93
0 4947 91
0 4948 100
0 4949 55
0 4950 56
0 4951 98
0 4952 23
0 4953 24
0 4954 28
0 4955 67
0 4956 25
0 4957 15
0 4958 71
0 4959 3
0 4960 59
0 4961 21
0 4962 26
0 4963 27
0 4964 93
0 4965 22
0 4966 84
0 4967 85
0 4968 70
0 4969 52
0 4970 50
0 4971 94
0 4972 43
0 4973 37
0 4974 96
0 4975 44
0 4976 75
0 4977 2
0 4978 37
0 4979 17
0 4980 27
0 4981 60
0 4982 64
0 4983 11
0 4984 35
0 4985 56
0 4986 78
0 4987 87
0 4988 70
0 4989 47
0 4990 17
0 4991 76
0 4992 62
0 4993 25
0 4994 64
0 4995 9
0 4996 64
0 4997 80
0 4998 68
0 4999 16
0 5000 55
0 5001 77
0 5002 52
0 5003 2
0 5004 31
0 5005 98
0 5006 40
0 5007 52
0 5008 94
0 5009 87
0 5010 93
0 5011 8
0 5012 87
0 5013 31
0 5014 89
0 5015 72
0 5016 23
0 5017 64
0 5018 77
0 5019 88
0 5020 93
0 5021 91
0 5022 1
0 5023 52
0 5024 57
0 5025 65
0 5026 99
0 5027 45
0 5028 34
0 5029 9
0 5030 60
0 5031 69
0 5032 22
0 5033 55
0 5034 64
0 5035 14
0 5036 95
0 5037 21
0 5038 45
0 5039 88
0 5040 47
0 5041 18
0 5042 39
0 5043 19
0 5044 64
0 5045 44
0 5046 80
0 5047 91
0 5048 34
0 5049 69
0 5050 87
0 5051 72
0 5052 86
0 5053 29
0 5054 31
0 5055 38
0 5056 89
0 5057 72
0 5058 74
0 5059 21
0 5060 43
0 5061 95
0 5062 91
0 5063 98
0 5064 10
0 5065 2
0 5066 89
0 5067 94
0 5068 82
0 5069 36
0 5070 50
0 5071 85
0 5072 7
0 5073 34
0 5074 49
0 5075 91
0 5076 58
0 5077 15
0 5078 12
0 5079 3
0 5080 65
0 5081 18
0 5082 73
0 5083 49
0 5084 94
0 5085 90
0 5086 40
0 5087 18
0 5088 62
0 5089 22
0 5090 34
0 5091 83
0 5092 95
0 5093 84
0 5094 77
0 5095 35
0 5096 48
0 5097 49
0 5098 93
0 5099 85
0 5100 23
0 5101 4
0 5102 51
0 5103 98
0 5104 10
0 5105 88
0 5106 81
0 5107 100
0 5108 81
0 5109 48
0 5110 49
0 5111 17
0 5112 31
0 5113 57
0 5114 91
0 5115 44
0 5116 35
0 5117 58
0 5118 71
0 5119 76
0 5120 72
0 5121 97
0 5122 8
0 5123 84
0 5124 6
0 5125 30
0 5126 51
0 5127 58
0 5128 24
0 5129 17
0 5130 75
0 5131 37
0 5132 27
0 5133 73
0 5134 93
0 5135 3
0 5136 39
0 5137 56
0 5138 20
0 5139 34
0 5140 85
0 5141 91
0 5142 100
0 5143 20
0 5144 25
0 5145 70
0 5146 18
0 5147 68
0 5148 59
0 5149 53
0 5150 68
0 5151 1
0 5152 42
0 5153 94
0 5154 38
0 5155 36
0 5156 56
0 5157 84
0 5158 40
0 5159 81
0 5160 70
0 5161 17
0 5162 86
0 5163 68
0 5164 91
0 5165 43
0 5166 71
0 5167 20
0 5168 15
0 5169 57
0 5170 98
0 5171 85
0 5172 19
0 5173 52
0 5174 45
0 5175 100
0 5176 3
0 5177 98
0 5178 99
0 5179 23
0 5180 9
0 5181 36
0 5182 32
0 5183 36
0 5184 65
0 5185 83
0 5186 13
0 5187 54
0 5188 42
0 5189 89
0 5190 41
0 5191 87
0 5192 73
0 5193 54
0 5194 24
0 5195 22
0 5196 100
0 5197 3
0 5198 29
0 5199 78
0 5200 22
0 5201 3
0 5202 51
0 5203 60
0 5204 5
0 5205 47
0 5206 86
0 5207 1
0 5208 61
0 5209 64
0 5210 57
0 5211 11
0 5212 21
0 5213 21
0 5214 74
0 5215 21
0 5216 76
0 5217 76
0 5218 5
0 5219 88
0 5220 87
0 5221 87
0 5222 25
0 5223 41
0 5224 38
0 5225 67
0 5226 51
0 5227 1
0 5228 44
0 5229 7
0 5230 4
0 5231 60
0 5232 95
0 5233 47
0 5234 27
0 5235 17
0 5236 81
0 5237 37
0 5238 94
0 5239 52
0 5240 18
0 5241 69
0 5242 23
0 5243 53
0 5244 79
0 5245 29
0 5246 47
0 5247 53
0 5248 65
0 5249 76
0 5250 50
0 5251 68
0 5252 99
0 5253 1
0 5254 52
0 5255 42
0 5256 52
0 5257 97
0 5258 12
0 5259 4
0 5260 5
0 5261 20
0 5262 20
0 5263 66
0 5264 3
0 5265 29
0 5266 22
0 5267 62
0 5268 34
0 5269 4
0 5270 62
0 5271 99
0 5272 15
0 5273 9
0 5274 93
0 5275 45
0 5276 12
0 5277 1
0 5278 14
0 5279 95
0 5280 21
0 5281 88
0 5282 95
0 5283 51
0 5284 90
0 5285 42
0 5286 3
0 5287 58
0 5288 68
0 5289 51
0 5290 19
0 5291 78
0 5292 34
0 5293 27
0 5294 76
0 5295 36
0 5296 22
0 5297 12
0 5298 8
0 5299 63
0 5300 88
0 5301 25
0 5302 64
0 5303 85
0 5304 11
0 5305 3
0 5306 98
0 5307 75
0 5308 34
0 5309 11
0 5310 63
0 5311 27
0 5312 19
0 5313 63
0 5314 74
0 5315 40
0 5316 80
0 5317 20
0 5318 33
0 5319 41
0 5320 10
0 5321 58
0 5322 80
0 5323 32
0 5324 99
0 5325 82
0 5326 40
0 5327 43
0 5328 31
0 5329 12
0 5330 96
0 5331 6
0 5332 72
0 5333 16
0 5334 12
0 5335 27
0 5336 31
0 5337 88
0 5338 52
0 5339 30
0 5340 83
0 5341 53
0 5342 39
0 5343 73
0 5344 89
0 5345 22
0 5346 50
0 5347 33
0 5348 21
0 5349 30
0 5350 79
0 5351 84
0 5352 45
0 5353 9
0 5354 91
0 5355 22
0 5356 84
0 5357 75
0 5358 80
0 5359 94
0 5360 23
0 5361 34
0 5362 96
0 5363 73
0 5364 72
0 5365 90
0 5366 68
0 5367 39
0 5368 35
0 5369 43
0 5370 45
0 5371 63
0 5372 14
0 5373 85
0 5374 69
0 5375 14
0 5376 28
0 5377 41
0 5378 6
0 5379 100
0 5380 18
0 5381 72
0 5382 52
0 5383 53
0 5384 22
0 5385 17
0 5386 40
0 5387 87
0 5388 14
0 5389 68
0 5390 53
0 5391 5
0 5392 10
0 5393 34
0 5394 58
0 5395 53
0 5396 94
0 5397 77
0 5398 79
0 5399 8
0 5400 22
0 5401 20
0 5402 54
0 5403 6
0 5404 71
0 5405 45
0 5406 82
0 5407 5
0 5408 43
0 5409 3
0 5410 88
0 5411 54
0 5412 50
0 5413 98
0 5414 80
0 5415 23
0 5416 37
0 5417 65
0 5418 67
0 5419 100
0 5420 3
0 5421 19
0 5422 87
0 5423 45
0 5424 23
0 5425 31
0 5426 52
0 5427 54
0 5428 88
0 5429 11
0 5430 22
0 5431 50
0 5432 57
0 5433 37
0 5434 68
0 5435 31
0 5436 26
0 5437 99
0 5438 49
0 5439 50
0 5440 83
0 5441 8
0 5442 86
0 5443 43
0 5444 92
0 5445 32
0 5446 76
0 5447 67
0 5448 89
0 5449 82
0 5450 12
0 5451 94
0 5452 65
0 5453 74
0 5454 100
0 5455 29
0 5456 67
0 5457 38
0 5458 84
0 5459 44
0 5460 44
0 5461 34
0 5462 67
0 5463 42
0 5464 48
0 5465 55
0 5466 73
0 5467 13
0 5468 47
0 5469 45
0 5470 19
0 5471 34
0 5472 4
0 5473 13
0 5474 89
0 5475 78
0 5476 2
0 5477 18
0 5478 23
0 5479 59
0 5480 12
0 5481 40
0 5482 58
0 5483 74
0 5484 67
0 5485 71
0 5486 51
0 5487 97
0 5488 81
0 5489 42
0 5490 15
0 5491 58
0 5492 93
0 5493 3
0 5494 26
0 5495 14
0 5496 26
0 5497 12
0 5498 38
0 5499 94
0 5500 19
0 5501 5
0 5502 83
0 5503 51
0 5504 37
0 5505 78
0 5506 69
0 5507 93
0 5508 88
0 5509 40
0 5510 66
0 5511 50
0 5512 95
0 5513 50
0 5514 99
0 5515 79
0 5516 61
0 5517 96
0 5518 41
0 5519 93
0 5520 27
0 5521 12
0 5522 49
0 5523 30
0 5524 88
0 5525 31
0 5526 54
0 5527 29
0 5528 28
0 5529 16
0 5530 75
0 5531 48
0 5532 64
0 5533 61
0 5534 77
0 5535 39
0 5536 67
0 5537 66
0 5538 30
0 5539 70
0 5540 52
0 5541 86
0 5542 84
0 5543 24
0 5544 45
0 5545 68
0 5546 69
0 5547 72
0 5548 59
0 5549 91
0 5550 56
0 5551 74
0 5552 59
0 5553 7
0 5554 22
0 5555 34
0 5556 83
0 5557 12
0 5558 91
0 5559 68
0 5560 54
0 5561 83
0 5562 20
0 5563 91
0 5564 4
0 5565 95
0 5566 74
0 5567 66
0 5568 22
0 5569 85
0 5570 52
0 5571 38
0 5572 19
0 5573 12
0 5574 21
0 5575 45
0 5576 68
0 5577 47
0 5578 1
0 5579 60
0 5580 26
0 5581 39
0 5582 76
0 5583 67
0 5584 53
0 5585 88
0 5586 26
0 5587 95
0 5588 87
0 5589 48
0 5590 97
0 5591 5
0 5592 95
0 5593 3
0 5594 88
0 5595 5
0 5596 22
0 5597 13
0 5598 57
0 5599 18
0 5600 82
0 5601 80
0 5602 35
0 5603 92
0 5604 34
0 5605 10
0 5606 86
0 5607 42
0 5608 48
0 5609 51
0 5610 63
0 5611 76
0 5612 76
0 5613 87
0 5614 100
0 5615 16
0 5616 86
0 5617 70
0 5618 65
0 5619 84
0 5620 37
0 5621 6
0 5622 58
0 5623 87
0 5624 8
0 5625 19
0 5626 33
0 5627 32
0 5628 14
0 5629 82
0 5630 22
0 5631 5
0 5632 94
0 5633 23
0 5634 51
0 5635 58
0 5636 36
0 5637 24
0 5638 10
0 5639 66
0 5640 27
0 5641 67
0 5642 75
0 5643 24
0 5644 83
0 5645 89
0 5646 12
0 5647 14
0 5648 2
0 5649 94
0 5650 67
0 5651 10
0 5652 24
0 5653 61
0 5654 27
0 5655 46
0 5656 13
0 5657 73
0 5658 41
0 5659 14
0 5660 45
0 5661 38
0 5662 86
0 5663 95
0 5664 46
0 5665 5
0 5666 35
0 5667 82
0 5668 69
0 5669 78
0 5670 94
0 5671 42
0 5672 55
0 5673 88
0 5674 69
0 5675 75
0 5676 46
0 5677 52
0 5678 96
0 5679 80
0 5680 45
0 5681 100
0 5682 15
0 5683 98
0 5684 40
0 5685 95
0 5686 94
0 5687 38
0 5688 13
0 5689 17
0 5690 46
0 5691 37
0 5692 97
0 5693 60
0 5694 45
0 5695 18
0 5696 16
0 5697 75
0 5698 45
0 5699 45
0 5700 13
0 5701 44
0 5702 37
0 5703 100
0 5704 64
0 5705 25
0 5706 9
0 5707 47
0 5708 9
0 5709 92
0 5710 1
0 5711 90
0 5712 30
0 5713 75
0 5714 27
0 5715 74
0 5716 97
0 5717 59
0 5718 34
0 5719 32
0 5720 69
0 5721 12
0 5722 98
0 5723 57
0 5724 68
0 5725 38
0 5726 9
0 5727 24
0 5728 62
0 5729 76
0 5730 47
0 5731 35
0 5732 40
0 5733 22
0 5734 72
0 5735 54
0 5736 71
0 5737 99
0 5738 31
0 5739 22
0 5740 8
0 5741 45
0 5742 99
0 5743 12
0 5744 18
0 5745 3
0 5746 73
0 5747 78
0 5748 51
0 5749 56
0 5750 76
0 5751 3
0 5752 69
0 5753 98
0 5754 15
0 5755 12
0 5756 4
0 5757 71
0 5758 45
0 5759 40
0 5760 96
0 5761 29
0 5762 83
0 5763 52
0 5764 14
0 5765 57
0 5766 33
0 5767 40
0 5768 12
0 5769 73
0 5770 63
0 5771 1
0 5772 43
0 5773 42
0 5774 45
0 5775 31
0 5776 84
0 5777 77
0 5778 78
0 5779 48
0 5780 87
0 5781 80
0 5782 27
0 5783 16
0 5784 68
0 5785 42
0 5786 59
0 5787 32
0 5788 95
0 5789 71
0 5790 58
0 5791 78
0 5792 56
0 5793 21
0 5794 7
0 5795 3
0 5796 96
0 5797 23
0 5798 15
0 5799 8
0 5800 43
0 5801 48
0 5802 37
0 5803 51
0 5804 3
0 5805 89
0 5806 31
0 5807 22
0 5808 97
0 5809 21
0 5810 67
0 5811 2
0 5812 40
0 5813 74
0 5814 83
0 5815 57
0 5816 27
0 5817 48
0 5818 11
0 5819 66
0 5820 56
0 5821 22
0 5822 70
0 5823 99
0 5824 36
0 5825 37
0 5826 100
0 5827 81
0 5828 89
0 5829 57
0 5830 71
0 5831 56
0 5832 7
0 5833 43
0 5834 68
0 5835 82
0 5836 54
0 5837 1
0 5838 98
0 5839 85
0 5840 33
0 5841 38
0 5842 94
0 5843 69
0 5844 9
0 5845 6
0 5846 61
0 5847 68
0 5848 98
0 5849 77
0 5850 87
0 5851 86
0 5852 7
0 5853 12
0 5854 76
0 5855 82
0 5856 52
0 5857 88
0 5858 22
0 5859 54
0 5860 60
0 5861 83
0 5862 72
0 5863 67
0 5864 81
0 5865 23
0 5866 41
0 5867 24
0 5868 82
0 5869 46
0 5870 77
0 5871 77
0 5872 4
0 5873 32
0 5874 64
0 5875 21
0 5876 96
0 5877 95
0 5878 33
0 5879 17
0 5880 36
0 5881 97
0 5882 67
0 5883 8
0 5884 1
0 5885 89
0 5886 77
0 5887 43
0 5888 38
0 5889 95
0 5890 57
0 5891 14
0 5892 91
0 5893 50
0 5894 23
0 5895 61
0 5896 21
0 5897 27
0 5898 97
0 5899 14
0 5900 90
0 5901 4
0 5902 96
0 5903 8
0 5904 21
0 5905 97
0 5906 97
0 5907 18
0 5908 8
0 5909 23
0 5910 5
0 5911 74
0 5912 46
0 5913 39
0 5914 82
0 5915 11
0 5916 40
0 5917 73
0 5918 64
0 5919 14
0 5920 27
0 5921 21
0 5922 33
0 5923 36
0 5924 50
0 5925 64
0 5926 54
0 5927 23
0 5928 42
0 5929 96
0 5930 74
0 5931 20
0 5932 70
0 5933 75
0 5934 80
0 5935 61
0 5936 72
0 5937 58
0 5938 9
0 5939 95
0 5940 82
0 5941 85
0 5942 59
0 5943 37
0 5944 95
0 5945 32
0 5946 94
0 5947 93
0 5948 10
0 5949 64
0 5950 30
0 5951 60
0 5952 86
0 5953 39
0 5954 70
0 5955 82
0 5956 99
0 5957 79
0 5958 36
0 5959 56
0 5960 9
0 5961 34
0 5962 29
0 5963 90
0 5964 14
0 5965 99
0 5966 44
0 5967 25
0 5968 35
0 5969 69
0 5970 19
0 5971 45
0 5972 100
0 5973 33
0 5974 47
0 5975 45
0 5976 85
0 5977 95
0 5978 74
0 5979 100
0 5980 78
0 5981 94
0 5982 22
0 5983 76
0 5984 9
0 5985 21
0 5986 40
0 5987 22
0 5988 15
0 5989 81
0 5990 38
0 5991 28
0 5992 45
0 5993 28
0 5994 34
0 5995 99
0 5996 51
0 5997 32
0 5998 81
0 5999 90
0 6000 48
0 6001 42
0 6002 53
0 6003 80
0 6004 12
0 6005 7
0 6006 32
0 6007 42
0 6008 70
0 6009 53
0 6010 57
0 6011 80
0 6012 64
0 6013 71
0 6014 60
0 6015 46
0 6016 77
0 6017 94
0 6018 26
0 6019 5
0 6020 67
0 6021 36
0 6022 83
0 6023 56
0 6024 16
0 6025 66
0 6026 53
0 6027 40
0 6028 75
0 6029 34
0 6030 62
0 6031 10
0 6032 80
0 6033 16
0 6034 74
0 6035 16
0 6036 72
0 6037 99
0 6038 46
0 6039 97
0 6040 30
0 6041 9
0 6042 25
0 6043 67
0 6044 48
0 6045 27
0 6046 73
0 6047 63
0 6048 90
0 6049 38
0 6050 86
0 6051 46
0 6052 82
0 6053 22
0 6054 92
0 6055 58
0 6056 67
0 6057 37
0 6058 66
0 6059 29
0 6060 52
0 6061 13
0 6062 24
0 6063 88
0 6064 94
0 6065 44
0 6066 13
0 6067 68
0 6068 90
0 6069 17
0 6070 90
0 6071 53
0 6072 18
0 6073 56
0 6074 96
0 6075 75
0 6076 22
0 6077 94
0 6078 88
0 6079 86
0 6080 79
0 6081 90
0 6082 2
0 6083 51
0 6084 72
0 6085 33
0 6086 12
0 6087 24
0 6088 97
0 6089 93
0 6090 5
0 6091 74
0 6092 69
0 6093 74
0 6094 50
0 6095 17
0 6096 71
0 6097 50
0 6098 35
0 6099 70
0 6100 57
0 6101 81
0 6102 51
0 6103 90
0 6104 38
0 6105 37
0 6106 47
0 6107 85
0 6108 43
0 6109 60
0 6110 86
0 6111 59
0 6112 21
0 6113 18
0 6114 60
0 6115 22
0 6116 13
0 6117 15
0 6118 55
0 6119 18
0 6120 36
0 6121 53
0 6122 94
0 6123 14
0 6124 54
0 6125 27
0 6126 16
0 6127 87
0 6128 67
0 6129 32
0 6130 37
0 6131 8
0 6132 66
0 6133 7
0 6134 54
0 6135 28
0 6136 42
0 6137 21
0 6138 42
0 6139 1
0 6140 25
0 6141 70
0 6142 54
0 6143 46
0 6144 79
0 6145 45
0 6146 42
0 6147 96
0 6148 33
0 6149 22
0 6150 58
0 6151 74
0 6152 49
0 6153 42
0 6154 44
0 6155 7
0 6156 43
0 6157 57
0 6158 59
0 6159 29
0 6160 37
0 6161 37
0 6162 41
0 6163 83
0 6164 67
0 6165 95
0 6166 90
0 6167 24
0 6168 33
0 6169 11
0 6170 89
0 6171 75
0 6172 90
0 6173 26
0 6174 69
0 6175 36
0 6176 91
0 6177 64
0 6178 61
0 6179 57
0 6180 33
0 6181 12
0 6182 96
0 6183 82
0 6184 51
0 6185 47
0 6186 13
0 6187 95
0 6188 13
0 6189 100
0 6190 22
0 6191 79
0 6192 42
0 6193 99
0 6194 80
0 6195 30
0 6196 81
0 6197 77
0 6198 79
0 6199 25
0 6200 24
0 6201 64
0 6202 68
0 6203 14
0 6204 53
0 6205 37
0 6206 69
0 6207 92
0 6208 74
0 6209 54
0 6210 53
0 6211 48
0 6212 83
0 6213 47
0 6214 29
0 6215 29
0 6216 4
0 6217 12
0 6218 19
0 6219 71
0 6220 78
0 6221 81
0 6222 25
0 6223 22
0 6224 78
0 6225 18
0 6226 2
0 6227 59
0 6228 29
0 6229 38
0 6230 54
0 6231 56
0 6232 94
0 6233 20
0 6234 19
0 6235 12
0 6236 50
0 6237 3
0 6238 13
0 6239 66
0 6240 91
0 6241 48
0 6242 66
0 6243 91
0 6244 57
0 6245 98
0 6246 58
0 6247 68
0 6248 9
0 6249 59
0 6250 51
0 6251 14
0 6252 80
0 6253 42
0 6254 93
0 6255 81
0 6256 20
0 6257 87
0 6258 95
0 6259 76
0 6260 14
0 6261 4
0 6262 34
0 6263 15
0 6264 64
0 6265 2
0 6266 14
0 6267 55
0 6268 37
0 6269 57
0 6270 66
0 6271 51
0 6272 92
0 6273 93
0 6274 60
0 6275 4
0 6276 22
0 6277 44
0 6278 95
0 6279 34
0 6280 41
0 6281 37
0 6282 62
0 6283 34
0 6284 57
0 6285 52
0 6286 30
0 6287 40
0 6288 5
0 6289 90
0 6290 67
0 6291 58
0 6292 100
0 6293 20
0 6294 12
0 6295 20
0 6296 58
0 6297 46
0 6298 33
0 6299 52
0 6300 55
0 6301 89
0 6302 22
0 6303 53
0 6304 34
0 6305 18
0 6306 79
0 6307 92
0 6308 42
0 6309 35
0 6310 47
0 6311 15
0 6312 82
0 6313 9
0 6314 86
0 6315 33
0 6316 51
0 6317 16
0 6318 39
0 6319 68
0 6320 29
0 6321 34
0 6322 90
0 6323 57
0 6324 7
0 6325 34
0 6326 39
0 6327 22
0 6328 47
0 6329 33
0 6330 71
0 6331 86
0 6332 6
0 6333 85
0 6334 29
0 6335 3
0 6336 4
0 6337 86
0 6338 22
0 6339 78
0 6340 5
0 6341 54
0 6342 86
0 6343 51
0 6344 45
0 6345 13
0 6346 92
0 6347 76
0 6348 42
0 6349 84
0 6350 96
0 6351 23
0 6352 71
0 6353 47
0 6354 11
0 6355 16
0 6356 31
0 6357 3
0 6358 23
0 6359 70
0 6360 68
0 6361 39
0 6362 66
0 6363 55
0 6364 84
0 6365 87
0 6366 22
0 6367 74
0 6368 76
0 6369 18
0 6370 15
0 6371 60
0 6372 48
0 6373 9
0 6374 4
0 6375 23
0 6376 85
0 6377 45
0 6378 28
0 6379 23
0 6380 20
0 6381 78
0 6382 69
0 6383 63
0 6384 96
0 6385 14
0 6386 32
0 6387 13
0 6388 17
0 6389 41
0 6390 17
0 6391 58
0 6392 33
0 6393 67
0 6394 84
0 6395 73
0 6396 28
0 6397 20
0 6398 65
0 6399 64
0 6400 83
0 6401 85
0 6402 72
0 6403 40
0 6404 77
0 6405 12
0 6406 18
0 6407 57
0 6408 7
0 6409 46
0 6410 26
0 6411 29
0 6412 98
0 6413 72
0 6414 75
0 6415 68
0 6416 76
0 6417 47
0 6418 35
0 6419 58
0 6420 99
0 6421 65
0 6422 76
0 6423 28
0 6424 58
0 6425 26
0 6426 86
0 6427 93
0 6428 42
0 6429 53
0 6430 63
0 6431 20
0 6432 64
0 6433 80
0 6434 79
0 6435 55
0 6436 54
0 6437 87
0 6438 60
0 6439 52
0 6440 75
0 6441 35
0 6442 17
0 6443 56
0 6444 93
0 6445 32
0 6446 58
0 6447 96
0 6448 86
0 6449 5
0 6450 41
0 6451 32
0 6452 75
0 6453 28
0 6454 9
0 6455 32
0 6456 70
0 6457 47
0 6458 61
0 6459 34
0 6460 58
0 6461 52
0 6462 19
0 6463 10
0 6464 69
0 6465 11
0 6466 2
0 6467 25
0 6468 26
0 6469 33
0 6470 65
0 6471 45
0 6472 100
0 6473 9
0 6474 51
0 6475 86
0 6476 8
0 6477 16
0 6478 80
0 6479 33
0 6480 31
0 6481 73
0 6482 71
0 6483 22
0 6484 8
0 6485 72
0 6486 83
0 6487 4
0 6488 73
0 6489 47
0 6490 75
0 6491 94
0 6492 84
0 6493 99
0 6494 17
0 6495 70
0 6496 51
0 6497 13
0 6498 26
0 6499 81
0 6500 1
0 6501 92
0 6502 93
0 6503 50
0 6504 87
0 6505 84
0 6506 78
0 6507 72
0 6508 27
0 6509 78
0 6510 52
0 6511 22
0 6512 90
0 6513 62
0 6514 71
0 6515 94
0 6516 78
0 6517 11
0 6518 42
0 6519 26
0 6520 53
0 6521 85
0 6522 93
0 6523 67
0 6524 69
0 6525 77
0 6526 58
0 6527 33
0 6528 69
0 6529 2
0 6530 67
0 6531 89
0 6532 99
0 6533 71
0 6534 1
0 6535 54
0 6536 52
0 6537 3
0 6538 76
0 6539 17
0 6540 70
0 6541 28
0 6542 75
0 6543 8
0 6544 41
0 6545 65
0 6546 6
0 6547 18
0 6548 81
0 6549 3
0 6550 75
0 6551 5
0 6552 40
0 6553 54
0 6554 79
0 6555 70
0 6556 35
0 6557 25
0 6558 98
0 6559 22
0 6560 48
0 6561 19
0 6562 9
0 6563 31
0 6564 28
0 6565 50
0 6566 100
0 6567 69
0 6568 14
0 6569 98
0 6570 95
0 6571 51
0 6572 9
0 6573 8
0 6574 7
0 6575 93
0 6576 46
0 6577 13
0 6578 60
0 6579 23
0 6580 2
0 6581 10
0 6582 77
0 6583 18
0 6584 2
0 6585 73
0 6586 44
0 6587 59
0 6588 88
0 6589 77
0 6590 15
0 6591 38
0 6592 52
0 6593 40
0 6594 68
0 6595 48
0 6596 89
0 6597 77
0 6598 6
0 6599 99
0 6600 2
0 6601 94
0 6602 65
0 6603 44
0 6604 28
0 6605 25
0 6606 4
0 6607 11
0 6608 85
0 6609 19
0 6610 61
0 6611 69
0 6612 43
0 6613 2
0 6614 37
0 6615 39
0 6616 57
0 6617 19
0 6618 38
0 6619 98
0 6620 43
0 6621 96
0 6622 23
0 6623 19
0 6624 16
0 6625 64
0 6626 28
0 6627 39
0 6628 48
0 6629 16
0 6630 84
0 6631 13
0 6632 68
0 6633 35
0 6634 40
0 6635 97
0 6636 24
0 6637 74
0 6638 81
0 6639 14
0 6640 43
0 6641 2
0 6642 5
0 6643 36
0 6644 74
0 6645 45
0 6646 2
0 6647 82
0 6648 15
0 6649 95
0 6650 96
0 6651 82
0 6652 28
0 6653 61
0 6654 54
0 6655 75
0 6656 5
0 6657 71
0 6658 65
0 6659 54
0 6660 11
0 6661 44
0 6662 81
0 6663 74
0 6664 43
0 6665 4
0 6666 69
0 6667 38
0 6668 11
0 6669 53
0 6670 50
0 6671 28
0 6672 80
0 6673 95
0 6674 99
0 6675 35
0 6676 94
0 6677 33
0 6678 28
0 6679 10
0 6680 24
0 6681 54
0 6682 57
0 6683 12
0 6684 56
0 6685 90
0 6686 79
0 6687 9
0 6688 7
0 6689 63
0 6690 30
0 6691 63
0 6692 49
0 6693 59
0 6694 2
0 6695 91
0 6696 84
0 6697 98
0 6698 16
0 6699 86
0 6700 63
0 6701 53
0 6702 79
0 6703 31
0 6704 24
0 6705 54
0 6706 81
0 6707 35
0 6708 19
0 6709 4
0 6710 52
0 6711 40
0 6712 10
0 6713 99
0 6714 11
0 6715 52
0 6716 61
0 6717 18
0 6718 30
0 6719 58
0 6720 17
0 6721 53
0 6722 81
0 6723 15
0 6724 18
0 6725 82
0 6726 78
0 6727 58
0 6728 11
0 6729 16
0 6730 41
0 6731 71
0 6732 75
0 6733 74
0 6734 78
0 6735 78
0 6736 38
0 6737 30
0 6738 73
0 6739 100
0 6740 9
0 6741 53
0 6742 37
0 6743 31
0 6744 83
0 6745 43
0 6746 52
0 6747 14
0 6748 17
0 6749 61
0 6750 44
0 6751 65
0 6752 64
0 6753 75
0 6754 56
0 6755 14
0 6756 98
0 6757 13
0 6758 73
0 6759 29
0 6760 99
0 6761 91
0 6762 24
0 6763 75
0 6764 11
0 6765 43
0 6766 40
0 6767 65
0 6768 67
0 6769 51
0 6770 85
0 6771 78
0 6772 44
0 6773 19
0 6774 76
0 6775 87
0 6776 95
0 6777 42
0 6778 57
0 6779 26
0 6780 74
0 6781 82
0 6782 36
0 6783 82
0 6784 8
0 6785 57
0 6786 61
0 6787 44
0 6788 62
0 6789 36
0 6790 88
0 6791 84
0 6792 97
0 6793 90
0 6794 76
0 6795 31
0 6796 12
0 6797 98
0 6798 35
0 6799 89
0 6800 98
0 6801 22
0 6802 51
0 6803 56
0 6804 89
0 6805 40
0 6806 76
0 6807 44
0 6808 56
0 6809 91
0 6810 99
0 6811 95
0 6812 62
0 6813 55
0 6814 79
0 6815 97
0 6816 48
0 6817 75
0 6818 54
0 6819 52
0 6820 76
0 6821 88
0 6822 51
0 6823 57
0 6824 49
0 6825 2
0 6826 71
0 6827 82
0 6828 32
0 6829 62
0 6830 46
0 6831 37
0 6832 4
0 6833 75
0 6834 44
0 6835 39
0 6836 78
0 6837 7
0 6838 30
0 6839 15
0 6840 52
0 6841 42
0 6842 92
0 6843 90
0 6844 16
0 6845 15
0 6846 40
0 6847 50
0 6848 85
0 6849 31
0 6850 28
0 6851 99
0 6852 70
0 6853 51
0 6854 48
0 6855 30
0 6856 58
0 6857 98
0 6858 19
0 6859 58
0 6860 81
0 6861 51
0 6862 58
0 6863 81
0 6864 61
0 6865 85
0 6866 4
0 6867 60
0 6868 33
0 6869 48
0 6870 61
0 6871 19
0 6872 67
0 6873 85
0 6874 57
0 6875 11
0 6876 84
0 6877 54
0 6878 35
0 6879 58
0 6880 63
0 6881 8
0 6882 99
0 6883 45
0 6884 43
0 6885 90
0 6886 5
0 6887 38
0 6888 1
0 6889 35
0 6890 14
0 6891 61
0 6892 78
0 6893 9
0 6894 34
0 6895 2
0 6896 37
0 6897 100
0 6898 72
0 6899 72
0 6900 65
0 6901 63
0 6902 33
0 6903 16
0 6904 22
0 6905 93
0 6906 58
0 6907 2
0 6908 87
0 6909 84
0 6910 41
0 6911 37
0 6912 1
0 6913 84
0 6914 31
0 6915 62
0 6916 39
0 6917 93
0 6918 6
0 6919 65
0 6920 62
0 6921 16
0 6922 22
0 6923 24
0 6924 47
0 6925 84
0 6926 2
0 6927 63
0 6928 51
0 6929 86
0 6930 97
0 6931 10
0 6932 18
0 6933 47
0 6934 31
0 6935 43
0 6936 53
0 6937 4
0 6938 94
0 6939 34
0 6940 15
0 6941 9
0 6942 9
0 6943 85
0 6944 52
0 6945 87
0 6946 40
0 6947 89
0 6948 58
0 6949 61
0 6950 34
0 6951 32
0 6952 36
0 6953 62
0 6954 96
0 6955 63
0 6956 56
0 6957 84
0 6958 35
0 6959 16
0 6960 72
0 6961 16
0 6962 2
0 6963 72
0 6964 24
0 6965 86
0 6966 18
0 6967 30
0 6968 64
0 6969 42
0 6970 95
0 6971 76
0 6972 42
0 6973 81
0 6974 100
0 6975 72
0 6976 24
0 6977 70
0 6978 70
0 6979 56
0 6980 36
0 6981 52
0 6982 49
0 6983 6
0 6984 68
0 6985 77
0 6986 25
0 6987 54
0 6988 17
0 6989 61
0 6990 25
0 6991 1
0 6992 19
0 6993 36
0 6994 6
0 6995 68
0 6996 100
0 6997 15
0 6998 62
0 6999 91
0 7000 10
0 7001 70
0 7002 36
0 7003 60
0 7004 7
0 7005 64
0 7006 29
0 7007 65
0 7008 48
0 7009 44
0 7010 89
0 7011 49
0 7012 14
0 7013 76
0 7014 4
0 7015 7
0 7016 17
0 7017 80
0 7018 11
0 7019 80
0 7020 54
0 7021 39
0 7022 6
0 7023 47
0 7024 65
0 7025 42
0 7026 29
0 7027 28
0 7028 88
0 7029 98
0 7030 68
0 7031 74
0 7032 68
0 7033 73
0 7034 72
0 7035 14
0 7036 70
0 7037 78
0 7038 64
0 7039 80
0 7040 33
0 7041 54
0 7042 20
0 7043 93
0 7044 70
0 7045 91
0 7046 46
0 7047 40
0 7048 96
0 7049 87
0 7050 39
0 7051 74
0 7052 64
0 7053 54
0 7054 32
0 7055 89
0 7056 82
0 7057 5
0 7058 30
0 7059 4
0 7060 54
0 7061 55
0 7062 8
0 7063 1
0 7064 81
0 7065 78
0 7066 57
0 7067 26
0 7068 39
0 7069 15
0 7070 86
0 7071 18
0 7072 50
0 7073 24
0 7074 45
0 7075 95
0 7076 38
0 7077 3
0 7078 83
0 7079 19
0 7080 77
0 7081 91
0 7082 17
0 7083 88
0 7084 94
0 7085 10
0 7086 99
0 7087 55
0 7088 37
0 7089 26
0 7090 3
0 7091 14
0 7092 81
0 7093 34
0 7094 100
0 7095 14
0 7096 39
0 7097 74
0 7098 57
0 7099 71
0 7100 18
0 7101 60
0 7102 18
0 7103 61
0 7104 65
0 7105 17
0 7106 34
0 7107 25
0 7108 9
0 7109 62
0 7110 52
0 7111 66
0 7112 96
0 7113 12
0 7114 4
0 7115 58
0 7116 87
0 7117 40
0 7118 50
0 7119 77
0 7120 3
0 7121 81
0 7122 82
0 7123 12
0 7124 61
0 7125 51
0 7126 18
0 7127 4
0 7128 27
0 7129 16
0 7130 61
0 7131 86
0 7132 80
0 7133 55
0 7134 1
0 7135 80
0 7136 47
0 7137 78
0 7138 53
0 7139 73
0 7140 95
0 7141 26
0 7142 29
0 7143 5
0 7144 68
0 7145 37
0 7146 74
0 7147 64
0 7148 21
0 7149 50
0 7150 9
0 7151 92
0 7152 88
0 7153 92
0 7154 60
0 7155 99
0 7156 70
0 7157 46
0 7158 66
0 7159 12
0 7160 80
0 7161 33
0 7162 81
0 7163 95
0 7164 99
0 7165 13
0 7166 90
0 7167 28
0 7168 71
0 7169 90
0 7170 88
0 7171 52
0 7172 85
0 7173 93
0 7174 25
0 7175 82
0 7176 66
0 7177 70
0 7178 2
0 7179 57
0 7180 64
0 7181 77
0 7182 33
0 7183 39
0 7184 51
0 7185 62
0 7186 34
0 7187 63
0 7188 81
0 7189 63
0 7190 87
0 7191 37
0 7192 40
0 7193 25
0 7194 53
0 7195 26
0 7196 69
0 7197 66
0 7198 61
0 7199 7
0 7200 63
0 7201 25
0 7202 12
0 7203 62
0 7204 65
0 7205 33
0 7206 28
0 7207 79
0 7208 77
0 7209 97
0 7210 91
0 7211 46
0 7212 38
0 7213 85
0 7214 29
0 7215 47
0 7216 85
0 7217 1
0 7218 38
0 7219 32
0 7220 28
0 7221 19
0 7222 13
0 7223 39
0 7224 8
0 7225 87
0 7226 85
0 7227 86
0 7228 85
0 7229 27
0 7230 23
0 7231 20
0 7232 52
0 7233 45
0 7234 61
0 7235 58
0 7236 85
0 7237 73
0 7238 94
0 7239 51
0 7240 14
0 7241 31
0 7242 78
0 7243 59
0 7244 89
0 7245 35
0 7246 14
0 7247 62
0 7248 66
0 7249 37
0 7250 25
0 7251 49
0 7252 45
0 7253 12
0 7254 77
0 7255 94
0 7256 83
0 7257 95
0 7258 85
0 7259 44
0 7260 47
0 7261 26
0 7262 35
0 7263 91
0 7264 14
0 7265 79
0 7266 51
0 7267 25
0 7268 75
0 7269 68
0 7270 60
0 7271 59
0 7272 57
0 7273 98
0 7274 76
0 7275 39
0 7276 19
0 7277 13
0 7278 70
0 7279 66
0 7280 53
0 7281 27
0 7282 23
0 7283 15
0 7284 11
0 7285 87
0 7286 66
0 7287 35
0 7288 11
0 7289 86
0 7290 5
0 7291 48
0 7292 87
0 7293 64
0 7294 58
0 7295 24
0 7296 84
0 7297 46
0 7298 6
0 7299 56
0 7300 73
0 7301 8
0 7302 70
0 7303 78
0 7304 6
0 7305 90
0 7306 35
0 7307 52
0 7308 82
0 7309 92
0 7310 52
0 7311 38
0 7312 27
0 7313 67
0 7314 35
0 7315 14
0 7316 66
0 7317 52
0 7318 45
0 7319 56
0 7320 89
0 7321 4
0 7322 9
0 7323 98
0 7324 18
0 7325 38
0 7326 79
0 7327 84
0 7328 75
0 7329 27
0 7330 70
0 7331 92
0 7332 46
0 7333 32
0 7334 22
0 7335 40
0 7336 56
0 7337 99
0 7338 60
0 7339 92
0 7340 17
0 7341 49
0 7342 38
0 7343 43
0 7344 40
0 7345 96
0 7346 43
0 7347 70
0 7348 94
0 7349 84
0 7350 13
0 7351 96
0 7352 80
0 7353 20
0 7354 100
0 7355 26
0 7356 42
0 7357 86
0 7358 34
0 7359 58
0 7360 22
0 7361 73
0 7362 50
0 7363 72
0 7364 18
0 7365 40
0 7366 31
0 7367 77
0 7368 40
0 7369 43
0 7370 31
0 7371 12
0 7372 72
0 7373 82
0 7374 84
0 7375 40
0 7376 55
0 7377 74
0 7378 70
0 7379 27
0 7380 59
0 7381 21
0 7382 42
0 7383 32
0 7384 22
0 7385 74
0 7386 92
0 7387 67
0 7388 5
0 7389 57
0 7390 12
0 7391 43
0 7392 62
0 7393 29
0 7394 80
0 7395 75
0 7396 6
0 7397 63
0 7398 58
0 7399 30
0 7400 77
0 7401 61
0 7402 84
0 7403 24
0 7404 7
0 7405 93
0 7406 74
0 7407 45
0 7408 89
0 7409 94
0 7410 51
0 7411 36
0 7412 73
0 7413 92
0 7414 97
0 7415 66
0 7416 4
0 7417 19
0 7418 7
0 7419 34
0 7420 94
0 7421 44
0 7422 89
0 7423 65
0 7424 15
0 7425 94
0 7426 98
0 7427 80
0 7428 88
0 7429 27
0 7430 1
0 7431 93
0 7432 20
0 7433 87
0 7434 47
0 7435 35
0 7436 27
0 7437 72
0 7438 9
0 7439 22
0 7440 58
0 7441 100
0 7442 52
0 7443 78
0 7444 65
0 7445 98
0 7446 65
0 7447 9
0 7448 93
0 7449 3
0 7450 98
0 7451 3
0 7452 81
0 7453 93
0 7454 59
0 7455 74
0 7456 76
0 7457 86
0 7458 78
0 7459 84
0 7460 58
0 7461 75
0 7462 64
0 7463 13
0 7464 33
0 7465 61
0 7466 36
0 7467 35
0 7468 58
0 7469 97
0 7470 17
0 7471 79
0 7472 65
0 7473 15
0 7474 87
0 7475 45
0 7476 26
0 7477 5
0 7478 95
0 7479 1
0 7480 18
0 7481 89
0 7482 42
0 7483 22
0 7484 14
0 7485 30
0 7486 84
0 7487 22
0 7488 26
0 7489 5
0 7490 6
0 7491 19
0 7492 95
0 7493 35
0 7494 25
0 7495 43
0 7496 15
0 7497 68
0 7498 58
0 7499 50
0 7500 50
0 7501 38
0 7502 25
0 7503 37
0 7504 47
0 7505 80
0 7506 33
0 7507 33
0 7508 56
0 7509 18
0 7510 34
0 7511 55
0 7512 55
0 7513 34
0 7514 33
0 7515 47
0 7516 57
0 7517 13
0 7518 4
0 7519 55
0 7520 53
0 7521 44
0 7522 11
0 7523 24
0 7524 67
0 7525 99
0 7526 91
0 7527 57
0 7528 79
0 7529 99
0 7530 67
0 7531 5
0 7532 66
0 7533 13
0 7534 17
0 7535 11
0 7536 56
0 7537 2
0 7538 75
0 7539 21
0 7540 39
0 7541 50
0 7542 78
0 7543 21
0 7544 75
0 7545 89
0 7546 32
0 7547 17
0 7548 71
0 7549 96
0 7550 46
0 7551 7
0 7552 25
0 7553 43
0 7554 97
0 7555 36
0 7556 66
0 7557 91
0 7558 3
0 7559 42
0 7560 5
0 7561 55
0 7562 81
0 7563 71
0 7564 98
0 7565 12
0 7566 65
0 7567 6
0 7568 63
0 7569 22
0 7570 75
0 7571 6
0 7572 27
0 7573 15
0 7574 64
0 7575 62
0 7576 91
0 7577 63
0 7578 43
0 7579 33
0 7580 90
0 7581 74
0 7582 6
0 7583 53
0 7584 41
0 7585 5
0 7586 20
0 7587 76
0 7588 56
0 7589 99
0 7590 19
0 7591 54
0 7592 52
0 7593 20
0 7594 6
0 7595 78
0 7596 38
0 7597 29
0 7598 66
0 7599 85
0 7600 81
0 7601 79
0 7602 22
0 7603 68
0 7604 40
0 7605 35
0 7606 15
0 7607 63
0 7608 23
0 7609 3
0 7610 49
0 7611 75
0 7612 56
0 7613 82
0 7614 93
0 7615 45
0 7616 29
0 7617 94
0 7618 80
0 7619 42
0 7620 70
0 7621 51
0 7622 55
0 7623 45
0 7624 53
0 7625 69
0 7626 16
0 7627 48
0 7628 3
0 7629 91
0 7630 76
0 7631 48
0 7632 69
0 7633 50
0 7634 15
0 7635 83
0 7636 31
0 7637 8
0 7638 68
0 7639 66
0 7640 38
0 7641 94
0 7642 84
0 7643 34
0 7644 36
0 7645 94
0 7646 18
0 7647 28
0 7648 71
0 7649 47
0 7650 89
0 7651 66
0 7652 14
0 7653 43
0 7654 98
0 7655 44
0 7656 12
0 7657 3
0 7658 40
0 7659 38
0 7660 11
0 7661 49
0 7662 42
0 7663 75
0 7664 12
0 7665 46
0 7666 40
0 7667 39
0 7668 11
0 7669 96
0 7670 10
0 7671 10
0 7672 45
0 7673 35
0 7674 55
0 7675 96
0 7676 38
0 7677 53
0 7678 61
0 7679 37
0 7680 73
0 7681 76
0 7682 27
0 7683 18
0 7684 14
0 7685 79
0 7686 32
0 7687 38
0 7688 88
0 7689 21
0 7690 62
0 7691 92
0 7692 48
0 7693 93
0 7694 32
0 7695 90
0 7696 6
0 7697 64
0 7698 32
0 7699 27
0 7700 99
0 7701 18
0 7702 58
0 7703 11
0 7704 44
0 7705 59
0 7706 53
0 7707 51
0 7708 83
0 7709 11
0 7710 87
0 7711 68
0 7712 60
0 7713 64
0 7714 54
0 7715 80
0 7716 25
0 7717 43
0 7718 86
0 7719 32
0 7720 70
0 7721 7
0 7722 18
0 7723 61
0 7724 1
0 7725 50
0 7726 10
0 7727 38
0 7728 7
0 7729 56
0 7730 23
0 7731 100
0 7732 33
0 7733 61
0 7734 18
0 7735 1
0 7736 18
0 7737 50
0 7738 68
0 7739 40
0 7740 9
0 7741 55
0 7742 24
0 7743 78
0 7744 27
0 7745 76
0 7746 69
0 7747 5
0 7748 87
0 7749 96
0 7750 43
0 7751 100
0 7752 2
0 7753 71
0 7754 4
0 7755 35
0 7756 82
0 7757 56
0 7758 22
0 7759 26
0 7760 2
0 7761 5
0 7762 40
0 7763 62
0 7764 41
0 7765 23
0 7766 69
0 7767 53
0 7768 12
0 7769 99
0 7770 82
0 7771 71
0 7772 90
0 7773 35
0 7774 50
0 7775 65
0 7776 7
0 7777 55
0 7778 30
0 7779 57
0 7780 92
0 7781 100
0 7782 67
0 7783 4
0 7784 99
0 7785 90
0 7786 100
0 7787 80
0 7788 47
0 7789 82
0 7790 49
0 7791 35
0 7792 56
0 7793 75
0 7794 76
0 7795 89
0 7796 29
0 7797 79
0 7798 76
0 7799 58
0 7800 74
0 7801 6
0 7802 28
0 7803 91
0 7804 72
0 7805 82
0 7806 60
0 7807 27
0 7808 92
0 7809 14
0 7810 55
0 7811 35
0 7812 37
0 7813 20
0 7814 99
0 7815 24
0 7816 54
0 7817 3
0 7818 90
0 7819 97
0 7820 24
0 7821 70
0 7822 1
0 7823 87
0 7824 96
0 7825 95
0 7826 20
0 7827 73
0 7828 94
0 7829 60
0 7830 33
0 7831 41
0 7832 99
0 7833 68
0 7834 83
0 7835 34
0 7836 41
0 7837 24
0 7838 3
0 7839 44
0 7840 73
0 7841 92
0 7842 49
0 7843 77
0 7844 96
0 7845 60
0 7846 66
0 7847 94
0 7848 87
0 7849 75
0 7850 85
0 7851 46
0 7852 2
0 7853 19
0 7854 21
0 7855 48
0 7856 91
0 7857 85
0 7858 38
0 7859 37
0 7860 89
0 7861 4
0 7862 40
0 7863 52
0 7864 32
0 7865 65
0 7866 93
0 7867 74
0 7868 60
0 7869 49
0 7870 69
0 7871 90
0 7872 91
0 7873 46
0 7874 12
0 7875 89
0 7876 87
0 7877 53
0 7878 65
0 7879 100
0 7880 93
0 7881 93
0 7882 31
0 7883 66
0 7884 31
0 7885 37
0 7886 54
0 7887 26
0 7888 41
0 7889 72
0 7890 99
0 7891 2
0 7892 53
0 7893 6
0 7894 92
0 7895 53
0 7896 24
0 7897 36
0 7898 23
0 7899 24
0 7900 57
0 7901 13
0 7902 70
0 7903 87
0 7904 97
0 7905 43
0 7906 9
0 7907 20
0 7908 45
0 7909 1
0 7910 47
0 7911 37
0 7912 77
0 7913 43
0 7914 34
0 7915 78
0 7916 29
0 7917 56
0 7918 19
0 7919 43
0 7920 58
0 7921 77
0 7922 27
0 7923 52
0 7924 22
0 7925 54
0 7926 77
0 7927 16
0 7928 93
0 7929 45
0 7930 24
0 7931 99
0 7932 33
0 7933 40
0 7934 68
0 7935 62
0 7936 33
0 7937 4
0 7938 86
0 7939 58
0 7940 38
0 7941 89
0 7942 33
0 7943 69
0 7944 34
0 7945 61
0 7946 28
0 7947 86
0 7948 43
0 7949 40
0 7950 64
0 7951 25
0 7952 97
0 7953 55
0 7954 50
0 7955 78
0 7956 88
0 7957 48
0 7958 24
0 7959 47
0 7960 41
0 7961 6
0 7962 6
0 7963 57
0 7964 22
0 7965 70
0 7966 50
0 7967 4
0 7968 5
0 7969 49
0 7970 87
0 7971 98
0 7972 50
0 7973 58
0 7974 94
0 7975 17
0 7976 34
0 7977 76
0 7978 23
0 7979 2
0 7980 29
0 7981 5
0 7982 30
0 7983 55
0 7984 95
0 7985 10
0 7986 36
0 7987 38
0 7988 31
0 7989 20
0 7990 44
0 7991 84
0 7992 84
0 7993 64
0 7994 60
0 7995 64
0 7996 46
0 7997 55
0 7998 17
0 7999 87
0 8000 93
0 8001 80
0 8002 78
0 8003 22
0 8004 9
0 8005 26
0 8006 38
0 8007 80
0 8008 67
0 8009 23
0 8010 36
0 8011 18
0 8012 27
0 8013 19
0 8014 5
0 8015 45
0 8016 47
0 8017 8
0 8018 53
0 8019 38
0 8020 56
0 8021 85
0 8022 46
0 8023 70
0 8024 23
0 8025 10
0 8026 10
0 8027 89
0 8028 72
0 8029 95
0 8030 71
0 8031 33
0 8032 3
0 8033 80
0 8034 14
0 8035 24
0 8036 64
0 8037 22
0 8038 30
0 8039 38
0 8040 73
0 8041 79
0 8042 51
0 8043 13
0 8044 14
0 8045 18
0 8046 35
0 8047 20
0 8048 38
0 8049 50
0 8050 4
0 8051 75
0 8052 17
0 8053 89
0 8054 44
0 8055 77
0 8056 86
0 8057 61
0 8058 79
0 8059 16
0 8060 56
0 8061 26
0 8062 96
0 8063 86
0 8064 88
0 8065 87
0 8066 7
0 8067 96
0 8068 70
0 8069 7
0 8070 9
0 8071 4
0 8072 89
0 8073 8
0 8074 12
0 8075 100
0 8076 40
0 8077 74
0 8078 82
0 8079 63
0 8080 28
0 8081 75
0 8082 55
0 8083 21
0 8084 36
0 8085 31
0 8086 69
0 8087 90
0 8088 13
0 8089 44
0 8090 37
0 8091 36
0 8092 98
0 8093 100
0 8094 98
0 8095 80
0 8096 47
0 8097 41
0 8098 60
0 8099 72
0 8100 74
0 8101 7
0 8102 39
0 8103 40
0 8104 47
0 8105 93
0 8106 3
0 8107 51
0 8108 3
0 8109 39
0 8110 62
0 8111 46
0 8112 72
0 8113 96
0 8114 40
0 8115 31
0 8116 40
0 8117 95
0 8118 35
0 8119 68
0 8120 7
0 8121 16
0 8122 94
0 8123 75
0 8124 66
0 8125 53
0 8126 12
0 8127 29
0 8128 42
0 8129 68
0 8130 23
0 8131 74
0 8132 54
0 8133 44
0 8134 69
0 8135 80
0 8136 55
0 8137 90
0 8138 56
0 8139 30
0 8140 2
0 8141 18
0 8142 54
0 8143 98
0 8144 15
0 8145 76
0 8146 21
0 8147 30
0 8148 69
0 8149 1
0 8150 62
0 8151 27
0 8152 33
0 8153 32
0 8154 43
0 8155 63
0 8156 61
0 8157 37
0 8158 15
0 8159 44
0 8160 34
0 8161 1
0 8162 34
0 8163 76
0 8164 61
0 8165 21
0 8166 55
0 8167 60
0 8168 96
0 8169 85
0 8170 90
0 8171 37
0 8172 25
0 8173 77
0 8174 2
0 8175 13
0 8176 57
0 8177 89
0 8178 24
0 8179 11
0 8180 99
0 8181 14
0 8182 58
0 8183 91
0 8184 26
0 8185 2
0 8186 92
0 8187 29
0 8188 69
0 8189 32
0 8190 49
0 8191 86
0 8192 83
0 8193 78
0 8194 86
0 8195 52
0 8196 8
0 8197 97
0 8198 55
0 8199 10
0 8200 35
0 8201 35
0 8202 87
0 8203 59
0 8204 32
0 8205 41
0 8206 51
0 8207 62
0 8208 37
0 8209 59
0 8210 70
0 8211 47
0 8212 74
0 8213 68
0 8214 92
0 8215 65
0 8216 55
0 8217 94
0 8218 53
0 8219 68
0 8220 20
0 8221 3
0 8222 10
0 8223 81
0 8224 36
0 8225 15
0 8226 55
0 8227 6
0 8228 21
0 8229 94
0 8230 47
0 8231 16
0 8232 59
0 8233 2
0 8234 41
0 8235 9
0 8236 39
0 8237 14
0 8238 44
0 8239 74
0 8240 8
0 8241 15
0 8242 39
0 8243 41
0 8244 59
0 8245 68
0 8246 28
0 8247 36
0 8248 44
0 8249 21
0 8250 54
0 8251 30
0 8252 45
0 8253 68
0 8254 40
0 8255 35
0 8256 70
0 8257 31
0 8258 21
0 8259 96
0 8260 90
0 8261 62
0 8262 43
0 8263 65
0 8264 21
0 8265 50
0 8266 6
0 8267 91
0 8268 43
0 8269 45
0 8270 62
0 8271 78
0 8272 22
0 8273 76
0 8274 35
0 8275 16
0 8276 100
0 8277 82
0 8278 64
0 8279 97
0 8280 41
0 8281 82
0 8282 67
0 8283 97
0 8284 64
0 8285 92
0 8286 34
0 8287 12
0 8288 52
0 8289 87
0 8290 12
0 8291 8
0 8292 57
0 8293 43
0 8294 94
0 8295 34
0 8296 9
0 8297 82
0 8298 60
0 8299 57
0 8300 11
0 8301 8
0 8302 16
0 8303 71
0 8304 42
0 8305 43
0 8306 14
0 8307 3
0 8308 67
0 8309 70
0 8310 79
0 8311 78
0 8312 53
0 8313 86
0 8314 20
0 8315 62
0 8316 45
0 8317 40
0 8318 53
0 8319 38
0 8320 43
0 8321 46
0 8322 12
0 8323 47
0 8324 40
0 8325 84
0 8326 40
0 8327 58
0 8328 83
0 8329 3
0 8330 100
0 8331 54
0 8332 62
0 8333 88
0 8334 82
0 8335 93
0 8336 89
0 8337 60
0 8338 36
0 8339 31
0 8340 31
0 8341 60
0 8342 74
0 8343 17
0 8344 33
0 8345 77
0 8346 52
0 8347 13
0 8348 77
0 8349 18
0 8350 7
0 8351 51
0 8352 91
0 8353 17
0 8354 13
0 8355 37
0 8356 18
0 8357 17
0 8358 46
0 8359 77
0 8360 78
0 8361 68
0 8362 95
0 8363 67
0 8364 2
0 8365 82
0 8366 33
0 8367 70
0 8368 95
0 8369 10
0 8370 21
0 8371 84
0 8372 44
0 8373 1
0 8374 75
0 8375 49
0 8376 68
0 8377 86
0 8378 29
0 8379 61
0 8380 22
0 8381 71
0 8382 36
0 8383 10
0 8384 8
0 8385 15
0 8386 75
0 8387 10
0 8388 8
0 8389 65
0 8390 35
0 8391 31
0 8392 30
0 8393 6
0 8394 83
0 8395 28
0 8396 51
0 8397 40
0 8398 76
0 8399 24
0 8400 39
0 8401 69
0 8402 68
0 8403 45
0 8404 51
0 8405 75
0 8406 38
0 8407 51
0 8408 75
0 8409 46
0 8410 22
0 8411 76
0 8412 38
0 8413 56
0 8414 7
0 8415 47
0 8416 85
0 8417 37
0 8418 29
0 8419 73
0 8420 12
0 8421 78
0 8422 64
0 8423 77
0 8424 69
0 8425 13
0 8426 29
0 8427 81
0 8428 39
0 8429 95
0 8430 83
0 8431 98
0 8432 26
0 8433 67
0 8434 99
0 8435 35
0 8436 38
0 8437 67
0 8438 1
0 8439 89
0 8440 62
0 8441 32
0 8442 18
0 8443 60
0 8444 16
0 8445 79
0 8446 76
0 8447 83
0 8448 51
0 8449 82
0 8450 93
0 8451 72
0 8452 40
0 8453 99
0 8454 76
0 8455 49
0 8456 13
0 8457 3
0 8458 56
0 8459 33
0 8460 79
0 8461 56
0 8462 7
0 8463 100
0 8464 48
0 8465 1
0 8466 44
0 8467 91
0 8468 83
0 8469 18
0 8470 63
0 8471 5
0 8472 76
0 8473 8
0 8474 98
0 8475 90
0 8476 56
0 8477 26
0 8478 48
0 8479 85
0 8480 97
0 8481 31
0 8482 13
0 8483 1
0 8484 74
0 8485 88
0 8486 67
0 8487 50
0 8488 15
0 8489 59
0 8490 62
0 8491 34
0 8492 64
0 8493 61
0 8494 32
0 8495 55
0 8496 68
0 8497 41
0 8498 73
0 8499 2
0 8500 80
0 8501 10
0 8502 29
0 8503 3
0 8504 74
0 8505 51
0 8506 78
0 8507 38
0 8508 78
0 8509 75
0 8510 14
0 8511 49
0 8512 68
0 8513 44
0 8514 50
0 8515 88
0 8516 36
0 8517 61
0 8518 34
0 8519 21
0 8520 46
0 8521 83
0 8522 2
0 8523 94
0 8524 49
0 8525 44
0 8526 17
0 8527 30
0 8528 39
0 8529 3
0 8530 52
0 8531 63
0 8532 75
0 8533 61
0 8534 1
0 8535 33
0 8536 96
0 8537 81
0 8538 27
0 8539 11
0 8540 6
0 8541 20
0 8542 34
0 8543 100
0 8544 16
0 8545 48
0 8546 65
0 8547 79
0 8548 61
0 8549 6
0 8550 96
0 8551 56
0 8552 59
0 8553 63
0 8554 79
0 8555 58
0 8556 26
0 8557 92
0 8558 94
0 8559 73
0 8560 69
0 8561 22
0 8562 50
0 8563 57
0 8564 15
0 8565 85
0 8566 39
0 8567 25
0 8568 29
0 8569 73
0 8570 39
0 8571 30
0 8572 77
0 8573 80
0 8574 41
0 8575 89
0 8576 52
0 8577 87
0 8578 48
0 8579 64
0 8580 65
0 8581 71
0 8582 2
0 8583 2
0 8584 26
0 8585 40
0 8586 51
0 8587 93
0 8588 27
0 8589 76
0 8590 71
0 8591 68
0 8592 5
0 8593 59
0 8594 79
0 8595 51
0 8596 65
0 8597 3
0 8598 49
0 8599 10
0 8600 2
0 8601 16
0 8602 10
0 8603 16
0 8604 89
0 8605 58
0 8606 87
0 8607 100
0 8608 33
0 8609 50
0 8610 24
0 8611 45
0 8612 36
0 8613 44
0 8614 79
0 8615 27
0 8616 82
0 8617 70
0 8618 68
0 8619 73
0 8620 64
0 8621 90
0 8622 9
0 8623 4
0 8624 44
0 8625 41
0 8626 23
0 8627 54
0 8628 87
0 8629 48
0 8630 14
0 8631 5
0 8632 11
0 8633 22
0 8634 38
0 8635 62
0 8636 36
0 8637 48
0 8638 30
0 8639 53
0 8640 87
0 8641 17
0 8642 21
0 8643 11
0 8644 43
0 8645 45
0 8646 56
0 8647 95
0 8648 100
0 8649 60
0 8650 51
0 8651 60
0 8652 93
0 8653 33
0 8654 32
0 8655 60
0 8656 5
0 8657 37
0 8658 50
0 8659 58
0 8660 39
0 8661 51
0 8662 27
0 8663 20
0 8664 20
0 8665 61
0 8666 38
0 8667 83
0 8668 33
0 8669 28
0 8670 52
0 8671 65
0 8672 69
0 8673 91
0 8674 74
0 8675 21
0 8676 37
0 8677 50
0 8678 15
0 8679 59
0 8680 68
0 8681 90
0 8682 1
0 8683 7
0 8684 75
0 8685 16
0 8686 91
0 8687 60
0 8688 54
0 8689 75
0 8690 80
0 8691 86
0 8692 35
0 8693 15
0 8694 38
0 8695 97
0 8696 3
0 8697 48
0 8698 34
0 8699 29
0 8700 88
0 8701 64
0 8702 5
0 8703 59
0 8704 12
0 8705 85
0 8706 13
0 8707 58
0 8708 21
0 8709 39
0 8710 51
0 8711 94
0 8712 49
0 8713 58
0 8714 24
0 8715 14
0 8716 8
0 8717 25
0 8718 26
0 8719 37
0 8720 64
0 8721 89
0 8722 17
0 8723 12
0 8724 73
0 8725 38
0 8726 47
0 8727 7
0 8728 59
0 8729 77
0 8730 9
0 8731 90
0 8732 30
0 8733 39
0 8734 56
0 8735 87
0 8736 12
0 8737 2
0 8738 49
0 8739 45
0 8740 45
0 8741 84
0 8742 85
0 8743 17
0 8744 56
0 8745 61
0 8746 25
0 8747 53
0 8748 66
0 8749 19
0 8750 74
0 8751 17
0 8752 90
0 8753 58
0 8754 40
0 8755 10
0 8756 20
0 8757 14
0 8758 5
0 8759 75
0 8760 54
0 8761 36
0 8762 5
0 8763 56
0 8764 17
0 8765 97
0 8766 57
0 8767 45
0 8768 48
0 8769 74
0 8770 25
0 8771 35
0 8772 44
0 8773 37
0 8774 71
0 8775 38
0 8776 85
0 8777 41
0 8778 88
0 8779 55
0 8780 28
0 8781 26
0 8782 78
0 8783 71
0 8784 86
0 8785 76
0 8786 23
0 8787 49
0 8788 24
0 8789 37
0 8790 16
0 8791 88
0 8792 53
0 8793 78
0 8794 84
0 8795 19
0 8796 67
0 8797 70
0 8798 1
0 8799 98
0 8800 37
0 8801 87
0 8802 55
0 8803 88
0 8804 23
0 8805 78
0 8806 49
0 8807 99
0 8808 75
0 8809 98
0 8810 28
0 8811 69
0 8812 94
0 8813 57
0 8814 90
0 8815 80
0 8816 65
0 8817 59
0 8818 88
0 8819 84
0 8820 34
0 8821 74
0 8822 49
0 8823 94
0 8824 32
0 8825 15
0 8826 83
0 8827 1
0 8828 94
0 8829 9
0 8830 75
0 8831 1
0 8832 83
0 8833 62
0 8834 21
0 8835 63
0 8836 12
0 8837 4
0 8838 62
0 8839 44
0 8840 95
0 8841 71
0 8842 3
0 8843 51
0 8844 49
0 8845 66
0 8846 71
0 8847 62
0 8848 30
0 8849 96
0 8850 68
0 8851 1
0 8852 32
0 8853 49
0 8854 43
0 8855 73
0 8856 54
0 8857 78
0 8858 22
0 8859 84
0 8860 40
0 8861 100
0 8862 32
0 8863 34
0 8864 57
0 8865 82
0 8866 68
0 8867 66
0 8868 5
0 8869 33
0 8870 18
0 8871 19
0 8872 77
0 8873 73
0 8874 60
0 8875 65
0 8876 11
0 8877 20
0 8878 92
0 8879 20
0 8880 75
0 8881 71
0 8882 28
0 8883 26
0 8884 44
0 8885 53
0 8886 30
0 8887 74
0 8888 56
0 8889 95
0 8890 34
0 8891 45
0 8892 100
0 8893 38
0 8894 51
0 8895 86
0 8896 20
0 8897 76
0 8898 97
0 8899 99
0 8900 60
0 8901 50
0 8902 30
0 8903 78
0 8904 32
0 8905 92
0 8906 70
0 8907 50
0 8908 42
0 8909 87
0 8910 90
0 8911 10
0 8912 9
0 8913 87
0 8914 54
0 8915 64
0 8916 93
0 8917 96
0 8918 55
0 8919 68
0 8920 38
0 8921 39
0 8922 17
0 8923 100
0 8924 54
0 8925 87
0 8926 56
0 8927 36
0 8928 20
0 8929 31
0 8930 74
0 8931 35
0 8932 11
0 8933 56
0 8934 1
0 8935 92
0 8936 85
0 8937 10
0 8938 99
0 8939 31
0 8940 9
0 8941 23
0 8942 52
0 8943 64
0 8944 67
0 8945 9
0 8946 55
0 8947 11
0 8948 95
0 8949 49
0 8950 93
0 8951 43
0 8952 95
0 8953 90
0 8954 55
0 8955 21
0 8956 27
0 8957 39
0 8958 28
0 8959 40
0 8960 92
0 8961 85
0 8962 60
0 8963 14
0 8964 53
0 8965 21
0 8966 63
0 8967 65
0 8968 75
0 8969 82
0 8970 45
0 8971 81
0 8972 91
0 8973 64
0 8974 14
0 8975 79
0 8976 31
0 8977 20
0 8978 23
0 8979 7
0 8980 42
0 8981 76
0 8982 33
0 8983 56
0 8984 84
0 8985 59
0 8986 14
0 8987 87
0 8988 61
0 8989 70
0 8990 46
0 8991 38
0 8992 37
0 8993 22
0 8994 35
0 8995 79
0 8996 70
0 8997 86
0 8998 89
0 8999 86
0 9000 68
0 9001 66
0 9002 21
0 9003 85
0 9004 39
0 9005 90
0 9006 9
0 9007 94
0 9008 82
0 9009 76
0 9010 70
0 9011 3
0 9012 22
0 9013 57
0 9014 14
0 9015 1
0 9016 65
0 9017 95
0 9018 41
0 9019 11
0 9020 30
0 9021 88
0 9022 79
0 9023 83
0 9024 87
0 9025 27
0 9026 22
0 9027 3
0 9028 31
0 9029 76
0 9030 15
0 9031 94
0 9032 45
0 9033 50
0 9034 15
0 9035 50
0 9036 30
0 9037 29
0 9038 45
0 9039 46
0 9040 75
0 9041 83
0 9042 15
0 9043 100
0 9044 39
0 9045 40
0 9046 53
0 9047 72
0 9048 61
0 9049 37
0 9050 8
0 9051 29
0 9052 45
0 9053 25
0 9054 34
0 9055 50
0 9056 53
0 9057 28
0 9058 15
0 9059 78
0 9060 6
0 9061 97
0 9062 27
0 9063 1
0 9064 57
0 9065 55
0 9066 88
0 9067 34
0 9068 49
0 9069 41
0 9070 48
0 9071 25
0 9072 91
0 9073 34
0 9074 88
0 9075 46
0 9076 18
0 9077 1
0 9078 41
0 9079 77
0 9080 93
0 9081 66
0 9082 50
0 9083 77
0 9084 58
0 9085 37
0 9086 83
0 9087 88
0 9088 76
0 9089 80
0 9090 61
0 9091 48
0 9092 33
0 9093 7
0 9094 83
0 9095 36
0 9096 46
0 9097 13
0 9098 89
0 9099 23
0 9100 17
0 9101 78
0 9102 48
0 9103 25
0 9104 10
0 9105 4
0 9106 48
0 9107 69
0 9108 90
0 9109 20
0 9110 90
0 9111 30
0 9112 72
0 9113 33
0 9114 92
0 9115 39
0 9116 69
0 9117 84
0 9118 75
0 9119 19
0 9120 100
0 9121 23
0 9122 71
0 9123 17
0 9124 79
0 9125 12
0 9126 75
0 9127 81
0 9128 33
0 9129 27
0 9130 25
0 9131 99
0 9132 25
0 9133 92
0 9134 17
0 9135 25
0 9136 59
0 9137 2
0 9138 74
0 9139 9
0 9140 34
0 9141 17
0 9142 77
0 9143 21
0 9144 55
0 9145 91
0 9146 91
0 9147 18
0 9148 74
0 9149 15
0 9150 29
0 9151 9
0 9152 28
0 9153 10
0 9154 79
0 9155 100
0 9156 16
0 9157 46
0 9158 78
0 9159 86
0 9160 38
0 9161 17
0 9162 95
0 9163 34
0 9164 48
0 9165 63
0 9166 86
0 9167 18
0 9168 39
0 9169 47
0 9170 95
0 9171 41
0 9172 100
0 9173 20
0 9174 97
0 9175 53
0 9176 62
0 9177 71
0 9178 85
0 9179 39
0 9180 2
0 9181 32
0 9182 26
0 9183 73
0 9184 89
0 9185 5
0 9186 91
0 9187 39
0 9188 96
0 9189 67
0 9190 52
0 9191 19
0 9192 88
0 9193 88
0 9194 7
0 9195 46
0 9196 36
0 9197 68
0 9198 83
0 9199 71
0 9200 18
0 9201 45
0 9202 68
0 9203 46
0 9204 20
0 9205 65
0 9206 27
0 9207 95
0 9208 17
0 9209 38
0 9210 31
0 9211 70
0 9212 63
0 9213 88
0 9214 17
0 9215 91
0 9216 10
0 9217 63
0 9218 44
0 9219 8
0 9220 59
0 9221 45
0 9222 26
0 9223 6
0 9224 80
0 9225 36
0 9226 44
0 9227 97
0 9228 97
0 9229 21
0 9230 65
0 9231 44
0 9232 3
0 9233 76
0 9234 83
0 9235 20
0 9236 64
0 9237 88
0 9238 78
0 9239 26
0 9240 47
0 9241 59
0 9242 49
0 9243 67
0 9244 83
0 9245 83
0 9246 38
0 9247 80
0 9248 100
0 9249 77
0 9250 66
0 9251 11
0 9252 85
0 9253 6
0 9254 79
0 9255 1
0 9256 77
0 9257 68
0 9258 96
0 9259 40
0 9260 61
0 9261 19
0 9262 79
0 9263 33
0 9264 43
0 9265 97
0 9266 13
0 9267 26
0 9268 38
0 9269 77
0 9270 66
0 9271 26
0 9272 29
0 9273 91
0 9274 95
0 9275 5
0 9276 33
0 9277 93
0 9278 38
0 9279 63
0 9280 11
0 9281 2
0 9282 29
0 9283 38
0 9284 55
0 9285 24
0 9286 56
0 9287 87
0 9288 8
0 9289 77
0 9290 69
0 9291 95
0 9292 17
0 9293 46
0 9294 94
0 9295 63
0 9296 42
0 9297 11
0 9298 54
0 9299 58
0 9300 60
0 9301 24
0 9302 84
0 9303 11
0 9304 46
0 9305 30
0 9306 41
0 9307 70
0 9308 65
0 9309 63
0 9310 8
0 9311 100
0 9312 87
0 9313 50
0 9314 65
0 9315 71
0 9316 88
0 9317 78
0 9318 88
0 9319 25
0 9320 1
0 9321 18
0 9322 53
0 9323 54
0 9324 14
0 9325 27
0 9326 21
0 9327 65
0 9328 60
0 9329 31
0 9330 94
0 9331 18
0 9332 92
0 9333 53
0 9334 67
0 9335 30
0 9336 51
0 9337 87
0 9338 91
0 9339 92
0 9340 83
0 9341 31
0 9342 45
0 9343 16
0 9344 91
0 9345 11
0 9346 18
0 9347 19
0 9348 80
0 9349 28
0 9350 87
0 9351 22
0 9352 7
0 9353 92
0 9354 42
0 9355 52
0 9356 51
0 9357 48
0 9358 24
0 9359 99
0 9360 75
0 9361 25
0 9362 33
0 9363 15
0 9364 53
0 9365 13
0 9366 75
0 9367 25
0 9368 80
0 9369 74
0 9370 8
0 9371 83
0 9372 68
0 9373 62
0 9374 40
0 9375 26
0 9376 92
0 9377 46
0 9378 16
0 9379 18
0 9380 39
0 9381 41
0 9382 50
0 9383 34
0 9384 92
0 9385 90
0 9386 57
0 9387 90
0 9388 92
0 9389 35
0 9390 96
0 9391 17
0 9392 90
0 9393 100
0 9394 35
0 9395 89
0 9396 15
0 9397 82
0 9398 77
0 9399 43
0 9400 28
0 9401 16
0 9402 54
0 9403 77
0 9404 94
0 9405 57
0 9406 9
0 9407 34
0 9408 65
0 9409 10
0 9410 75
0 9411 44
0 9412 73
0 9413 75
0 9414 36
0 9415 81
0 9416 25
0 9417 21
0 9418 94
0 9419 20
0 9420 45
0 9421 90
0 9422 60
0 9423 20
0 9424 91
0 9425 77
0 9426 67
0 9427 95
0 9428 14
0 9429 29
0 9430 85
0 9431 73
0 9432 81
0 9433 65
0 9434 63
0 9435 60
0 9436 43
0 9437 82
0 9438 21
0 9439 12
0 9440 87
0 9441 33
0 9442 14
0 9443 68
0 9444 90
0 9445 97
0 9446 6
0 9447 100
0 9448 17
0 9449 28
0 9450 45
0 9451 14
0 9452 26
0 9453 74
0 9454 96
0 9455 43
0 9456 39
0 9457 39
0 9458 27
0 9459 67
0 9460 15
0 9461 55
0 9462 86
0 9463 9
0 9464 88
0 9465 96
0 9466 81
0 9467 70
0 9468 18
0 9469 67
0 9470 28
0 9471 45
0 9472 26
0 9473 39
0 9474 23
0 9475 32
0 9476 79
0 9477 15
0 9478 79
0 9479 25
0 9480 50
0 9481 72
0 9482 70
0 9483 60
0 9484 4
0 9485 72
0 9486 85
0 9487 46
0 9488 98
0 9489 74
0 9490 65
0 9491 83
0 9492 4
0 9493 86
0 9494 100
0 9495 94
0 9496 64
0 9497 66
0 9498 14
0 9499 69
0 9500 47
0 9501 26
0 9502 20
0 9503 80
0 9504 6
0 9505 41
0 9506 76
0 9507 78
0 9508 26
0 9509 17
0 9510 11
0 9511 79
0 9512 40
0 9513 9
0 9514 41
0 9515 57
0 9516 93
0 9517 34
0 9518 79
0 9519 90
0 9520 67
0 9521 19
0 9522 90
0 9523 20
0 9524 91
0 9525 27
0 9526 19
0 9527 100
0 9528 83
0 9529 38
0 9530 7
0 9531 93
0 9532 90
0 9533 49
0 9534 87
0 9535 21
0 9536 66
0 9537 94
0 9538 42
0 9539 14
0 9540 97
0 9541 99
0 9542 83
0 9543 3
0 9544 65
0 9545 86
0 9546 9
0 9547 46
0 9548 67
0 9549 6
0 9550 49
0 9551 2
0 9552 95
0 9553 46
0 9554 15
0 9555 62
0 9556 71
0 9557 7
0 9558 64
0 9559 36
0 9560 69
0 9561 73
0 9562 96
0 9563 92
0 9564 35
0 9565 10
0 9566 81
0 9567 85
0 9568 54
0 9569 31
0 9570 18
0 9571 30
0 9572 51
0 9573 96
0 9574 6
0 9575 83
0 9576 99
0 9577 63
0 9578 28
0 9579 75
0 9580 9
0 9581 95
0 9582 87
0 9583 30
0 9584 86
0 9585 90
0 9586 34
0 9587 36
0 9588 8
0 9589 92
0 9590 83
0 9591 73
0 9592 68
0 9593 90
0 9594 65
0 9595 4
0 9596 99
0 9597 3
0 9598 53
0 9599 54
0 9600 60
0 9601 32
0 9602 74
0 9603 16
0 9604 96
0 9605 38
0 9606 97
0 9607 34
0 9608 95
0 9609 93
0 9610 32
0 9611 96
0 9612 43
0 9613 8
0 9614 13
0 9615 94
0 9616 43
0 9617 64
0 9618 52
0 9619 11
0 9620 42
0 9621 16
0 9622 75
0 9623 27
0 9624 98
0 9625 2
0 9626 38
0 9627 10
0 9628 60
0 9629 39
0 9630 39
0 9631 90
0 9632 78
0 9633 40
0 9634 95
0 9635 81
0 9636 89
0 9637 64
0 9638 75
0 9639 100
0 9640 92
0 9641 40
0 9642 67
0 9643 20
0 9644 61
0 9645 87
0 9646 20
0 9647 27
0 9648 75
0 9649 3
0 9650 89
0 9651 75
0 9652 86
0 9653 21
0 9654 88
0 9655 50
0 9656 28
0 9657 48
0 9658 79
0 9659 10
0 9660 64
0 9661 17
0 9662 16
0 9663 41
0 9664 69
0 9665 39
0 9666 85
0 9667 9
0 9668 100
0 9669 34
0 9670 4
0 9671 25
0 9672 87
0 9673 63
0 9674 91
0 9675 84
0 9676 64
0 9677 10
0 9678 20
0 9679 52
0 9680 1
0 9681 100
0 9682 89
0 9683 16
0 9684 62
0 9685 21
0 9686 7
0 9687 55
0 9688 89
0 9689 61
0 9690 72
0 9691 20
0 9692 38
0 9693 31
0 9694 55
0 9695 57
0 9696 96
0 9697 63
0 9698 100
0 9699 20
0 9700 83
0 9701 57
0 9702 89
0 9703 46
0 9704 32
0 9705 2
0 9706 17
0 9707 76
0 9708 62
0 9709 47
0 9710 40
0 9711 45
0 9712 99
0 9713 71
0 9714 92
0 9715 38
0 9716 44
0 9717 66
0 9718 7
0 9719 81
0 9720 14
0 9721 52
0 9722 61
0 9723 11
0 9724 90
0 9725 60
0 9726 49
0 9727 20
0 9728 4
0 9729 61
0 9730 7
0 9731 89
0 9732 73
0 9733 43
0 9734 41
0 9735 94
0 9736 34
0 9737 74
0 9738 33
0 9739 92
0 9740 33
0 9741 25
0 9742 60
0 9743 15
0 9744 47
0 9745 23
0 9746 21
0 9747 32
0 9748 11
0 9749 82
0 9750 96
0 9751 28
0 9752 23
0 9753 6
0 9754 65
0 9755 92
0 9756 21
0 9757 75
0 9758 92
0 9759 50
0 9760 89
0 9761 27
0 9762 24
0 9763 34
0 9764 78
0 9765 49
0 9766 57
0 9767 58
0 9768 2
0 9769 67
0 9770 99
0 9771 64
0 9772 80
0 9773 96
0 9774 13
0 9775 89
0 9776 89
0 9777 28
0 9778 94
0 9779 79
0 9780 23
0 9781 24
0 9782 35
0 9783 72
0 9784 3
0 9785 86
0 9786 18
0 9787 7
0 9788 65
0 9789 78
0 9790 75
0 9791 41
0 9792 46
0 9793 93
0 9794 74
0 9795 85
0 9796 74
0 9797 75
0 9798 24
0 9799 4
0 9800 24
0 9801 88
0 9802 35
0 9803 11
0 9804 19
0 9805 75
0 9806 10
0 9807 11
0 9808 70
0 9809 71
0 9810 25
0 9811 11
0 9812 52
0 9813 27
0 9814 79
0 9815 34
0 9816 71
0 9817 85
0 9818 14
0 9819 20
0 9820 96
0 9821 36
0 9822 32
0 9823 43
0 9824 60
0 9825 54
0 9826 32
0 9827 47
0 9828 49
0 9829 61
0 9830 27
0 9831 10
0 9832 47
0 9833 78
0 9834 89
0 9835 90
0 9836 50
0 9837 24
0 9838 87
0 9839 77
0 9840 94
0 9841 3
0 9842 20
0 9843 52
0 9844 98
0 9845 9
0 9846 17
0 9847 85
0 9848 62
0 9849 3
0 9850 34
0 9851 2
0 9852 44
0 9853 69
0 9854 7
0 9855 31
0 9856 83
0 9857 27
0 9858 79
0 9859 67
0 9860 19
0 9861 95
0 9862 41
0 9863 52
0 9864 96
0 9865 12
0 9866 81
0 9867 61
0 9868 65
0 9869 98
0 9870 81
0 9871 12
0 9872 65
0 9873 41
0 9874 45
0 9875 9
0 9876 42
0 9877 37
0 9878 8
0 9879 18
0 9880 42
0 9881 31
0 9882 42
0 9883 39
0 9884 71
0 9885 25
0 9886 28
0 9887 5
0 9888 46
0 9889 7
0 9890 52
0 9891 19
0 9892 57
0 9893 14
0 9894 14
0 9895 52
0 9896 42
0 9897 23
0 9898 90
0 9899 28
0 9900 81
0 9901 45
0 9902 67
0 9903 27
0 9904 38
0 9905 13
0 9906 9
0 9907 60
0 9908 34
0 9909 3
0 9910 37
0 9911 43
0 9912 25
0 9913 77
0 9914 46
0 9915 93
0 9916 68
0 9917 56
0 9918 88
0 9919 22
0 9920 62
0 9921 79
0 9922 97
0 9923 37
0 9924 21
0 9925 52
0 9926 3
0 9927 96
0 9928 59
0 9929 70
0 9930 18
0 9931 66
0 9932 68
0 9933 33
0 9934 34
0 9935 86
0 9936 13
0 9937 22
0 9938 60
0 9939 27
0 9940 44
0 9941 34
0 9942 10
0 9943 10
0 9944 87
0 9945 71
0 9946 78
0 9947 69
0 9948 11
0 9949 86
0 9950 91
0 9951 89
0 9952 7
0 9953 22
0 9954 71
0 9955 2
0 9956 45
0 9957 54
0 9958 31
0 9959 43
0 9960 65
0 9961 18
0 9962 75
0 9963 49
0 9964 56
0 9965 54
0 9966 61
0 9967 90
0 9968 36
0 9969 13
0 9970 87
0 9971 59
0 9972 19
0 9973 40
0 9974 14
0 9975 43
0 9976 41
0 9977 78
0 9978 98
0 9979 38
0 9980 69
0 9981 27
0 9982 51
0 9983 58
0 9984 100
0 9985 65
0 9986 6
0 9987 97
0 9988 68
0 9989 37
0 9990 14
0 9991 57
0 9992 76
0 9993 11
0 9994 22
0 9995 99
0 9996 16
0 9997 12
0 9998 48
0 9999 33
